-2.91606	-2.24643	-2.39417	-31.735	-24.3664	-27.0069
8.74429	-0.114491	-4.07246	74.8432	-5.87378	-29.4827
-2.43625	-0.413915	-2.21363	-22.5067	-0.890892	-17.1656
-1.38721	2.74184	3.67417	-5.87019	19.0007	38.6558
-2.49463	-3.45859	-0.297849	-26.5828	-33.6155	-7.21201
-0.257481	-11.3502	-0.304822	2.30066	-106.337	0.80096
3.77809	9.44111	-6.38229	38.2417	81.0822	-53.7118
3.66475	3.94424	5.36604	27.9943	30.6338	42.6899
-3.96085	1.51158	6.87203	-30.1468	8.65774	64.9973
-2.06231	4.32393	-0.564902	-19.919	27.618	12.0629
1.06672	-5.14152	-6.31897	4.54312	-50.373	-61.0229
11.948	-3.62822	2.45706	111.331	-36.8837	26.8154
-5.99928	-23.4802	-7.23471	-44.6331	-201.745	-55.9969
14.4765	-13.0247	5.69134	124.879	-111.628	51.8584
4.46995	3.18933	-1.80834	34.1884	24.0831	-20.6202
1.57874	-3.77067	5.95833	19.5668	-36.3367	57.6291
2.55797	3.44307	-0.332112	17.7302	26.3819	-6.46
-4.35082	-0.165711	-2.17516	-34.9045	-6.47658	-17.2277
11.189	-1.84213	3.59662	104.107	-20.8868	37.6184
-1.61014	10.9285	-5.06642	-10.2381	94.648	-41.983
-2.29463	3.25023	4.32978	-15.6947	26.4537	44.9931
-2.93686	3.05747	2.39917	-32.2464	24.477	18.5072
8.11796	-4.03268	-6.78292	77.3804	-40.9305	-57.1842
-5.88007	-4.69879	-10.8188	-47.3024	-46.3985	-94.9383
3.68281	-0.0872582	-0.196069	25.7055	-7.80227	-10.5351
-4.93203	-5.80289	-0.56192	-48.5438	-55.9472	-9.58611
-3.66238	-0.178606	-0.866038	-36.0887	-7.15925	-14.3019
3.30514	-0.492044	5.40969	25.3256	-8.52926	43.8681
0.0336187	1.71428	-3.65561	4.61745	10.9895	-26.5688
0.851279	-1.03522	-5.19126	10.6751	-8.23145	-37.3556
6.15555	0.726785	-3.57066	50.2063	2.17439	-36.2395
2.40086	2.83114	-0.644477	24.1601	18.9725	-0.412085
-2.27443	3.92737	-3.06398	-33.8141	33.386	-41.597
-1.19128	-4.74692	-1.51592	-16.0944	-45.8938	-18.4642
1.90328	0.823303	6.9405	20.6431	2.47694	65.0436
-4.07696	-2.26198	3.32398	-40.642	-24.8676	23.7007
2.99295	-3.1938	3.17038	22.2124	-32.4881	22.7404
-4.98791	-0.14939	2.6871	-47.8245	-5.55796	19.0893
-5.6769	1.94798	5.39682	-45.9533	12.9443	53.0354
5.63859	-10.3387	-8.58623	46.9207	-98.5106	-82.5885
-2.54912	2.3889	18.0047	-27.2556	17.021	158.703
2.77835	-0.0636125	2.53585	32.7278	-3.28937	26.1614
0.503574	1.74423	-2.63276	5.45149	10.7479	-19.5184
16.4226	-13.8122	0.826	133.801	-116.425	3.21043
1.51782	3.98048	6.02464	18.009	31.1433	58.5268
-4.84136	3.7082	2.05734	-46.2704	27.9665	12.4321
-5.55727	2.21747	-0.21148	-54.0116	15.5203	-6.28815
-2.97992	-1.67744	3.05064	-30.9252	-20.9986	23.0511
2.18784	4.64285	-1.88431	23.72	32.0479	-13.3592
4.32492	1.81178	-0.542085	34.209	10.0244	-9.80082
-0.233439	5.61897	0.358615	2.08764	44.6139	8.12764
-1.62029	-0.833332	-5.81223	-19.7544	-11.8383	-56.3629
8.86312	4.12356	-0.480829	83.8611	32.8146	0.0733412
-0.988165	-9.69835	-4.46828	-3.99071	-91.7718	-36.6545
0.239652	1.91277	-0.0612492	2.53522	14.7955	2.62666
4.01518	5.16037	3.31177	27.0263	33.0794	20.9755
-1.35961	2.13066	-1.71943	-17.3933	17.9569	-11.0264
-1.28055	-5.48299	0.57524	-7.09836	-51.6841	8.83371
2.01297	-1.71887	-2.48521	13.158	-20.0266	-26.2814
4.07581	-4.90758	-14.6256	41.3793	-48.9709	-129.064
-1.59221	-40.4887	-30.9617	-10.3881	-372.645	-277.253
-1.85352	0.789189	3.60556	-12.3269	2.5644	39.6914
10.4334	-1.00523	-5.77495	90.2979	-13.3949	-56.9308
11.3782	-0.188612	2.50635	106.242	-5.98962	26.7958
1.53885	-3.68082	3.84265	19.139	-36.3985	38.0762
2.17056	2.83692	2.36083	22.2312	24.0417	25.4035
-9.66448	-0.0487321	-4.67553	-82.6656	-4.74548	-37.3549
3.1407	0.559994	-3.98503	22.0306	0.963904	-39.1638
2.95575	-1.1387	-13.765	18.204	-13.5279	-119.347
-6.15281	0.280017	-3.67964	-58.3695	-1.21541	-37.6915
-8.7787	-6.05899	-0.994236	-75.2162	-59.1678	-4.59117
-4.24397	5.1558	1.95076	-33.6884	41.789	22.3535
10.6384	-3.90762	-2.04309	99.4943	-39.6046	-13.169
1.27231	1.45155	6.40852	7.91335	8.37953	52.2192
-3.6589	1.01262	2.79725	-26.8753	4.90245	30.5569
-1.88205	2.06715	7.38008	-11.9291	14.2094	69.2133
-1.45966	-1.25477	2.81367	-17.7657	-16.0328	22.5316
1.26863	1.14116	-7.12493	6.16233	5.84279	-67.8745
1.45705	1.90811	2.07628	8.3682	13.7481	14.9015
-8.98861	2.81622	3.39155	-76.7807	21.154	34.0633
5.08964	1.46889	6.32459	49.7436	9.70644	62.7772
-6.7291	3.88185	-0.795865	-63.6927	29.0788	-12.5475
2.28006	9.63263	4.34407	26.2657	81.0091	42.5145
1.45025	-0.282844	0.776544	5.45989	-7.45208	1.80207
4.64548	14.3291	-8.87955	46.0479	125.871	-77.1842
3.31414	-1.03203	-1.49944	34.7411	-13.2883	-8.59542
4.46042	0.183	8.66541	44.9734	-3.31116	81.8636
1.77785	0.185155	1.91733	17.753	-4.98984	25.3256
-1.4581	4.71107	5.78736	-16.9647	37.1555	47.2602
-0.321094	1.04423	1.03125	-12.3453	-1.52448	7.76724
-3.78306	-0.457031	1.67153	-35.4962	-10.6793	9.83849
2.02229	6.22517	9.12843	13.6325	45.7184	70.2941
-0.759884	-1.84314	4.81448	-1.84962	-20.8622	46.7339
8.3291	-1.61096	2.87466	70.7493	-19.0429	21.6492
1.22906	-8.67391	-9.68549	6.87608	-76.1345	-83.8183
3.19277	4.18578	2.99402	32.8799	32.1663	31.4338
0.616235	2.6963	-0.305013	5.9379	20.4286	-1.60719
0.528945	-1.08057	2.80929	-0.3201	-14.225	18.2984
0.877711	-1.26311	-10.8037	11.9261	-15.3779	-93.8568
3.63231	7.75405	2.11955	37.7265	64.5807	23.4079
3.01551	3.34164	-6.34916	31.5601	25.6374	-52.7298
1.9431	-4.45588	-3.07545	12.9744	-43.3206	-32.6887
2.99288	-2.70834	-6.90138	30.6941	-28.0951	-56.4763
-1.80953	-3.86252	0.21306	-12.2116	-33.2203	1.58765
2.6405	-3.31745	-2.43502	20.1456	-34.2353	-26.3686
0.387214	3.24899	4.02613	-1.5175	24.4368	30.2993
-4.71001	-4.21266	3.64802	-37.6371	-42.0732	37.4119
1.1701	3.61392	-5.62088	6.60251	26.6568	-54.5238
-1.91158	-5.21724	6.58932	-12.8668	-50.5851	62.95
-0.518478	5.53673	-3.46582	-11.4107	43.5575	-35.697
-2.74683	-1.07871	3.0398	-27.2304	-14.8294	22.252
-3.00189	4.2587	2.45439	-29.2166	32.4968	17.4523
0.348867	-6.99313	-1.90618	-0.641853	-66.2414	-20.5466
0.80019	2.66953	1.33609	1.36065	16.9564	8.75379
-4.18372	1.26888	2.56956	-32.0255	7.43234	28.7774
-0.803502	-3.44163	-4.38097	-11.794	-34.433	-43.9389
-2.9244	5.27775	6.11981	-21.5109	42.5442	60.1873
-4.47002	6.64648	4.93912	-43.7306	54.6695	40.5852
4.71576	5.71581	2.83946	37.7961	45.9768	20.5744
-3.20142	-3.61914	-0.850049	-32.9805	-37.3477	-12.7943
-3.83784	2.09429	7.53317	-29.7806	13.9362	71.8546
1.15624	1.73708	4.33433	4.8008	8.88099	33.9806
-1.90288	2.5747	5.13814	-12.4994	19.1239	49.8796
-3.16229	0.63118	-6.47422	-24.0494	2.34948	-53.7619
-2.4222	2.7534	-2.08007	-22.2179	22.1783	-24.187
10.6317	-3.37918	0.104945	99.779	-35.0511	5.0693
4.81819	-0.582707	2.69276	37.9009	-9.24981	19.8206
2.65102	7.88984	10.5312	19.448	53.6792	73.0893
3.77268	0.134126	2.6864	39.6037	-0.985547	28.8232
-2.88803	-2.71108	3.51144	-30.989	-28.3237	25.9124
3.2263	2.17295	5.3351	33.6403	15.0595	51.6578
4.88253	-0.720949	-7.18374	49.8637	-12.7322	-60.9986
3.57084	2.23279	3.28357	26.827	14.7274	24.3883
-4.05965	-1.34668	4.54276	-40.6698	-17.6866	35.2743
3.47415	3.24585	3.30676	35.6826	24.6497	35.5444
-150.007	179.104	141.145	-1256.68	1485.1	1172.16
4.29828	0.714618	3.02886	26.8157	5.08797	17.4492
-0.902641	4.74343	9.09368	-3.20385	38.4653	85.7146
-1.71846	1.89745	2.38279	-12.6212	8.85746	27.2313
-1.97502	-2.01743	2.69616	-24.1142	-25.2531	18.3067
-1.63761	-4.43265	-5.21788	-10.9867	-43.2924	-43.0686
3.16589	-4.25592	-2.70908	23.3647	-40.8281	-27.9076
-1.74508	4.6089	-1.16817	-3.49052	42.0475	-18.994
-0.563	0.71343	-3.10016	-2.38984	1.50807	-22.7821
-0.799468	-0.602872	-3.18583	-2.11414	-9.02188	-22.4845
0.654575	0.96288	0.0225003	-0.928436	4.40432	-4.6299
-9.35547	3.70264	4.78294	-79.9135	29.4823	47.4673
-1.31534	4.38658	4.37378	-15.1337	33.9204	33.7162
6.17703	-1.79513	-5.83495	60.2774	-20.7842	-48.4119
10.7834	9.20641	-1.83121	93.6724	78.9421	-21.1024
-6.48603	1.91127	14.1973	-60.8899	10.5501	111.89
-2.55048	-2.36852	-4.07605	-27.4751	-24.8003	-40.0514
0.365475	5.86519	-9.76109	-1.72621	48.1028	-92.643
0.147063	2.4764	-0.69518	-0.560322	16.3576	-9.71892
-7.38735	0.628186	1.78729	-61.9298	0.422549	20.2541
2.81189	4.77644	-0.590458	20.8724	37.6574	-10.845
-4.83283	-3.35423	2.3435	-46.8374	-33.2052	16.2744
-0.305839	-0.197343	-0.942582	0.725599	-4.3742	-3.10844
0.448066	-0.34696	2.90746	7.01592	-8.13345	35.4264
5.4918	6.14721	-2.84919	45.1968	50.4155	-29.5599
-2.45729	1.33083	-6.16756	-17.432	7.54466	-50.6566
-1.48838	3.4348	-1.84134	-12.0386	24.7823	-10.1613
3.66191	-6.99816	-3.52327	37.8077	-67.5893	-27.6182
-2.47128	1.08279	0.59228	-24.4219	5.09435	1.09694
-2.20445	-3.35863	0.801315	-29.4976	-35.2245	12.8083
-5.97645	0.729936	-7.09527	-49.8774	2.57195	-60.1873
-3.37928	1.80558	-2.32179	-25.7082	11.1371	-16.2036
-1.87586	1.80376	-1.78002	-23.8484	13.07	-19.3228
-1.6078	2.49637	1.50582	-17.8651	17.0711	9.45337
0.778818	3.19836	3.40073	11.7933	23.3451	33.0598
4.19131	-6.36895	-2.94153	30.9642	-65.8513	-34.2851
-3.34998	-0.773808	4.38228	-33.9949	-11.9046	32.5403
3.86059	-3.99933	-0.521067	28.7891	-39.6919	-8.14286
6.774	4.74124	-6.68255	65.166	38.1396	-55.9551
-2.261	-0.288428	-2.2481	-18.1772	-7.47483	-13.7531
-4.50899	5.49705	-8.34946	-33.8092	40.7514	-66.7783
-2.6713	1.2813	-5.15935	-28.6328	6.54081	-48.8991
5.39618	-0.265007	0.406659	51.0461	-6.45268	8.6904
-7.1115	-5.59453	-1.49896	-68.039	-54.7188	-18.4387
0.568337	-3.41949	-3.03013	8.38825	-34.6735	-21.4184
-11.9026	15.9949	-3.69479	-93.9958	128.992	-26.1147
-4.55904	8.02971	-2.05058	-44.1055	66.5811	-22.6436
8.11974	-2.12523	2.22859	68.6591	-23.5426	16.3382
4.76664	4.27455	-3.10753	38.1327	33.8444	-32.2963
-3.69902	3.81594	-3.56891	-34.5863	25.7011	-32.9955
-3.91525	4.526	3.04116	-29.8368	35.9046	31.5323
-6.76963	1.75189	6.66551	-56.0774	11.5611	63.8123
-1.21696	7.6643	-2.9379	-11.2323	58.2267	-29.4779
2.47972	-5.62512	0.218958	17.6802	-54.2403	-2.61958
-0.854906	-0.703005	5.08913	-9.39596	-11.6123	34.089
11.0913	7.74261	2.6518	96.6703	64.6154	18.0908
3.67498	-2.38969	0.411915	27.6099	-25.6317	-1.14725
2.88264	-2.01709	-0.453708	31.4188	-24.8545	-0.312941
-7.5509	0.434524	4.6871	-71.3198	-0.855738	36.9302
-4.00608	-0.985165	-2.68282	-40.3134	-14.0642	-30.6841
7.84847	6.02269	-0.129503	66.8141	49.8854	-5.79873
-5.4802	6.67114	-6.54256	-53.762	54.8083	-64.1297
4.70297	-5.38941	2.66125	47.0154	-51.9402	29.1363
4.65236	3.12697	4.16652	37.0229	23.6004	33.693
4.59485	3.51082	-7.42472	36.1845	27.1951	-71.4555
3.33791	6.68594	1.87366	34.1194	54.7707	21.5944
-1.45463	3.26618	3.08964	-20.906	23.2843	19.469
1.63884	1.65966	2.2379	14.696	9.29481	21.1806
0.739874	-0.891053	2.77998	1.89412	-12.4434	20.3768
-6.55709	3.50039	1.44939	-62.3952	26.4708	7.32173
-1.22735	0.563578	0.781665	-2.77636	6.22871	12.8397
2.03025	3.89793	6.1435	23.0854	30.1052	60.0934
0.153925	3.70517	-4.49992	-3.59911	26.5446	-43.7653
6.25293	-2.4558	-6.03653	52.2781	-26.8969	-58.8539
3.07683	-10.3803	-5.18626	32.3303	-98.4339	-43.1818
6.96275	4.13338	3.63351	65.6022	32.3115	36.8821
0.145875	-6.72683	-7.48304	5.5092	-65.3735	-63.2515
0.261931	-2.85321	3.18674	-1.44213	-29.7871	24.7665
-2.3639	-0.28639	-1.64625	-17.6988	-7.44837	-8.63514
1.49565	-8.46045	-3.5909	17.6053	-80.576	-28.2892
-0.163236	5.33863	4.57269	3.92792	42.6832	46.2608
9.11382	0.217633	-0.00834515	85.5649	-1.11114	4.30648
-7.25495	3.40874	-3.48725	-60.6345	25.9557	-27.2111
2.24557	1.12603	-0.895662	22.331	6.77418	-4.58876
-0.0183147	-6.38041	-9.70775	-1.23774	-52.9296	-79.6569
-1.78284	-1.96686	-3.47011	-26.5515	-22.0915	-34.2451
7.78544	3.20848	0.613782	73.0907	23.7593	9.55545
-4.29889	8.48077	-3.50609	-34.404	72.2918	-28.4782
14.235	-5.87247	9.25472	116.46	-52.1817	69.8655
-1.45246	-1.40842	-2.52731	-8.29205	-15.5571	-16.6428
0.77692	-7.05989	-7.19504	11.4494	-68.3391	-61.5433
4.85909	5.15272	6.51539	47.6821	40.51	62.826
0.117843	11.2278	5.99713	5.45778	95.9686	58.156
-3.83304	-6.8619	-6.52872	-29.7089	-65.8878	-54.8605
3.88173	4.96765	1.40614	30.8931	39.7394	8.65537
-2.07634	8.19694	8.91282	-16.9112	70.6986	81.2876
0.575483	5.7598	1.59938	0.786639	39.4055	9.05839
-1.92668	0.552776	2.61557	-23.1807	-3.95286	16.3088
-3.19004	4.02778	0.668623	-24.1399	32.1682	9.81463
8.61939	7.02737	-5.60402	81.7143	58.9777	-46.8302
-4.86687	1.66654	-1.62336	-41.8182	11.8909	-15.02
3.60149	-5.11666	-1.97224	27.6083	-49.8374	-22.8721
1.22611	5.46782	3.9055	7.62607	44.2757	31.1641
-1.07866	-4.80785	3.30025	-15.2507	-46.8	24.5468
-1.31017	-1.20493	-1.31173	-7.91364	-7.9936	-8.67522
-3.24669	5.85914	-0.923943	-32.552	40.2776	-13.9615
3.15113	-5.03201	-0.770008	32.3659	-48.5613	-1.9681
-4.64829	1.46673	-6.812	-45.7984	8.83137	-65.9958
-3.83191	4.16797	-2.00085	-38.3454	31.8082	-23.7613
1.80614	-2.84534	-4.93532	9.98645	-30.2476	-49.524
-0.371868	-4.01558	3.79942	-8.44849	-40.4846	29.7685
6.24802	0.0780453	5.63785	59.9306	-3.10716	55.3273
-4.53025	-2.57915	-4.56979	-44.1184	-26.6492	-45.1909
5.20896	-5.671	2.53404	50.652	-54.0356	27.1815
-0.999957	1.4513	1.01531	-6.6346	8.01898	12.2991
2.37116	2.46421	-0.281908	27.9895	14.4165	1.0263
0.286269	-0.485489	-1.11248	4.31757	-6.18132	-4.8918
-1.11309	-2.24613	1.56965	-6.90162	-24.0725	20.925
7.47539	6.54341	-0.829453	63.2365	54.1165	-11.5908
-1.95295	3.7727	-2.6275	-16.8311	25.2887	-19.0459
1.45174	-6.38332	3.33924	16.8017	-60.3016	34.4696
-1.28061	-4.80103	3.36024	-14.6248	-46.13	25.3393
-1.10286	-7.92944	-3.40358	-5.82619	-75.5768	-26.0226
-0.0951575	1.94297	19.4371	3.03803	13.2607	180.132
-0.187574	2.83792	4.34672	2.88448	21.762	42.1463
8.81952	-6.63433	8.43731	83.7142	-63.9527	80.6219
-10.9946	-1.73782	1.07555	-85.8032	-19.0629	11.7713
-2.58333	5.41009	-1.71092	-18.2925	42.9301	-10.6398
7.03996	1.77416	-7.25799	67.4636	11.9767	-61.4728
-0.680147	-0.378861	-1.65073	-3.62649	-7.75548	-11.3585
4.12174	-3.2555	-2.24135	31.8221	-34.2358	-24.7838
-4.89864	4.3335	-4.84935	-48.6241	33.6939	-47.9771
-4.39458	3.35761	0.139188	-44.5592	25.5162	-4.70454
-6.39619	-0.265884	4.78108	-51.9857	-6.44857	47.1475
-12.4139	-0.94955	1.62098	-107.915	-12.7904	18.7829
-0.791155	3.9875	4.49046	-11.355	30.6966	34.9604
0.662627	1.9979	-2.68162	13.594	12.3662	-18.2508
3.56354	7.23522	3.38927	35.8373	59.651	35.559
-1.00278	-3.3749	3.22377	-12.0926	-33.2483	23.7861
6.06872	0.942134	-5.92779	58.8825	5.21573	-49.5605
4.03201	-3.52215	1.4581	40.1428	-35.5657	17.8684
5.77911	2.22505	1.78208	54.2733	15.3468	20.2187
10.8302	1.04443	15.7652	92.8095	9.0109	137.075
11.0702	-3.08637	-2.93656	104.024	-32.3822	-22.5228
0.419778	1.35236	-0.899172	0.83013	9.54394	-6.27422
-6.17899	-4.99018	2.58416	-59.7131	-48.7845	17.795
4.90954	3.79542	-1.40675	46.2736	29.3682	-9.23568
-0.465453	4.00921	0.382003	-13.4438	27.99	-3.82641
-2.39231	-5.84383	-1.67039	-16.8796	-55.7377	-11.2021
-9.12489	-4.45215	-0.836751	-78.0452	-44.4941	-3.91869
-3.80302	-2.37211	-2.78283	-38.5601	-24.3597	-29.9637
2.2375	4.19514	5.63401	23.4016	32.7336	55.9276
-2.349	-2.20358	-13.1294	-25.7424	-24.2155	-122.128
2.16134	2.05321	3.87641	24.0612	14.163	38.2247
4.33831	-3.24919	5.81926	34.4214	-33.8447	47.8088
3.27663	3.49911	-8.78988	33.2638	27.5551	-75.4024
0.280831	5.20911	4.03161	8.69358	40.8889	38.2881
0.23361	-2.47318	-2.3366	-2.49708	-26.0816	-26.2599
5.56452	0.855897	2.68674	45.3436	2.9779	20.6324
3.27125	-1.43398	9.26223	33.5015	-16.6717	80.186
0.569001	-8.95695	6.80871	9.32906	-85.19	65.9277
3.08507	3.96688	-3.80551	24.783	31.3939	-38.7831
2.27062	3.52231	-1.45265	24.0779	28.2359	-7.0272
1.97362	1.06524	6.03937	13.1566	4.61215	48.8909
-3.47508	-1.18518	-2.48495	-33.8099	-13.8478	-27.1833
-8.89242	0.175578	3.15496	-75.6889	-3.26961	32.6949
0.715909	-1.70136	2.87719	1.6786	-18.5626	19.5551
-5.85072	-4.61231	-4.56449	-48.411	-45.5269	-37.0094
-3.25767	5.04194	2.51116	-24.0106	34.465	21.2898
3.51837	-2.15127	2.30981	36.6372	-24.4351	26.3249
-1.89941	-2.17477	2.60977	-12.727	-23.9995	29.9718
-4.08992	-0.0853875	-2.23871	-40.3992	-3.49996	-27.1561
7.90797	1.23712	5.88739	74.7826	6.64182	57.4783
9.73603	-1.29344	-9.70553	92.378	-16.2834	-84.0283
6.96106	1.2904	5.83569	66.5208	7.1407	57.5414
3.8613	-1.95296	6.05131	32.2104	-19.4155	56.6703
3.1343	6.0542	4.13133	29.0821	45.5114	35.2708
-6.8655	-2.6432	1.10138	-57.6495	-27.966	14.49
4.2809	3.60608	-3.33191	42.5121	28.6166	-23.8887
-3.66841	-2.39341	-1.83512	-37.8324	-26.191	-23.5002
-3.52134	1.91945	-3.6986	-36.5603	8.98171	-38.4358
5.7601	24.1346	-8.44326	46.2586	197.132	-77.0617
-0.63514	-2.34566	1.5655	-9.97206	-25.4913	9.73685
-1.13126	4.8976	17.9627	-5.99073	39.9566	166.793
7.20826	-4.13008	-5.21997	60.4894	-42.8556	-52.126
0.410615	2.0274	-1.22751	7.77581	13.8968	-9.06221
-4.21555	1.99268	-1.42958	-42.4568	12.6932	-17.5032
2.3382	2.34166	-0.581867	24.5667	20.8519	-0.932382
1.53222	2.90021	-4.4017	17.8327	20.626	-34.7753
2.30747	1.59248	2.12307	23.8411	12.3527	23.4365
1.13671	2.61045	1.74178	7.11316	18.6473	11.1795
-4.36622	-3.78227	-0.246419	-42.4139	-38.5606	-7.14693
12.0393	-8.69396	-7.86168	114.288	-82.9187	-67.1932
1.6495	-0.363701	-1.21863	16.5917	-3.81067	-7.22278
-3.90016	-1.80694	0.2414	-39.9763	-21.7582	-3.61518
-8.08838	6.56472	-2.81279	-68.8043	55.0044	-20.8148
4.80367	5.02482	-4.24791	38.7871	40.3545	-42.6218
149.014	-183.005	-140.799	1235.17	-1532.48	-1177.38
-3.4589	2.00636	3.12745	-35.3974	14.152	23.7925
3.86138	-48.8049	-28.9357	30.8807	-448.339	-268.032
0.722845	-1.13015	8.68467	11.4003	-13.3027	81.9139
-4.7339	-2.04769	4.66278	-46.0473	-22.6464	36.7539
10.1761	6.43322	-2.23676	88.1211	53.4935	-24.0922
-4.47548	7.39561	-4.51908	-35.1705	61.8218	-36.7886
-1.44033	-5.24575	-2.04952	-11.2008	-50.5618	-15.5038
-8.78247	2.76776	-5.28035	-75.0047	20.9846	-44.0034
1.02797	0.0556596	-2.53817	5.46837	-7.79858	-26.4443
3.40815	-1.99537	2.45683	24.6027	-21.9722	16.5514
-2.88684	-1.38555	3.90566	-27.8835	-16.7412	29.648
0.851151	3.46234	3.6535	13.7457	29.1846	39.7784
-4.82519	2.27086	5.41803	-38.209	16.0142	53.2511
1.08616	4.07853	6.8337	14.8953	31.1177	64.564
6.46316	-2.22017	0.144285	55.7192	-19.6963	-0.130783
0.351383	9.49139	1.44653	-1.17547	80.3302	8.38503
-4.98962	-5.46543	-3.03272	-41.1179	-53.8613	-22.6377
2.72484	-3.89373	-2.66163	19.996	-39.4172	-27.0785
0.236791	1.89485	2.30174	0.739167	15.708	14.8039
5.46555	0.440015	9.8663	54.0267	-0.633318	92.351
-5.77731	-0.213422	4.6618	-47.0605	-5.68481	47.1133
4.82341	7.42309	-2.73097	39.1071	61.8376	-28.8307
0.850183	-1.08631	2.00489	4.97056	-13.9338	15.3024
-4.12512	1.30839	-0.03663	-34.7072	4.31231	-4.83124
0.534889	-1.50178	-5.56109	-0.535677	-18.0284	-53.7146
-0.769965	-2.30208	-4.41291	-12.2414	-24.4709	-42.6469
-3.99427	0.956173	-4.31681	-31.4942	4.5923	-34.4191
-3.19925	10.8631	15.0393	-26.9651	81.14	113.664
-2.7993	3.19872	1.76243	-30.022	24.4456	13.8284
-0.444385	2.14195	0.794506	-3.59864	16.5752	5.15412
7.4735	4.81219	6.58169	63.5025	38.7642	55.1238
3.17416	-4.10139	2.98789	24.1835	-41.165	21.1727
9.05435	0.646552	0.0599989	85.4508	1.19341	4.9988
5.3459	-3.5943	20.4011	44.6837	-36.8825	180.202
-0.0771517	-5.18993	-3.78627	-5.52604	-50.6181	-37.8152
21.2825	27.0255	-14.8919	199.138	241.931	-132.632
2.80651	-0.956116	-0.0894401	29.4429	-13.2468	3.48325
-1.43961	-4.0727	4.4448	-17.0744	-40.6056	33.8061
-0.39499	5.49592	5.63722	1.31115	44.3336	55.2407
2.38945	2.48526	4.72384	27.7532	18.3409	46.7321
3.7756	-4.11001	-7.84209	29.5437	-40.6254	-74.6001
4.57735	-4.7694	1.4651	46.0758	-46.7168	17.4681
-3.10335	4.45402	5.51261	-31.2938	34.8261	44.9367
-1.66062	-4.50164	5.48616	-15.6444	-45.1863	50.3878
-1.11029	0.360896	6.40954	-13.761	-1.92118	51.9723
5.67638	7.34308	-0.511114	55.676	61.3821	-0.237352
-0.999905	5.53311	-3.8318	-15.67	44.259	-39.9245
1.44127	4.51762	4.70472	17.4891	35.505	47.1548
-1.82662	-3.58362	1.18821	-11.2999	-36.0532	14.5565
-2.50242	3.77891	4.19243	-18.9422	30.4774	44.3986
2.79502	-2.62592	2.92959	19.441	-28.6419	22.8215
7.8655	-1.52168	3.7007	64.1354	-19.9137	29.4893
2.74096	-4.5614	4.69671	29.0306	-43.9021	46.2023
-7.82971	-1.79454	-0.937255	-66.0997	-20.4212	-5.22358
4.51334	-9.23236	-13.2261	31.7502	-72.1943	-102.082
5.31684	-0.232721	5.03011	53.2634	-4.77163	47.696
5.11576	2.33546	6.65532	50.1945	17.6331	67.2678
1.68937	4.07366	0.378708	21.0406	26.6168	4.16691
2.91372	4.29369	-2.33826	21.9327	33.7274	-25.8106
-16.8516	8.18706	-10.5623	-145.697	63.0016	-93.7791
2.79082	4.27109	5.48123	21.089	33.7699	44.1976
-3.11381	0.641084	6.21162	-32.0216	2.48254	49.7161
-4.11933	-1.88264	-3.14433	-41.1888	-20.6496	-33.9628
-2.47211	1.8696	2.7049	-13.7018	15.5694	29.3884
3.64485	3.15987	1.66919	36.9576	23.6553	23.0376
-1.31562	-5.73875	3.38815	-15.9096	-54.787	25.0146
4.87893	3.56031	1.706	48.0361	28.0058	20.3053
2.47745	2.48433	1.52613	23.5832	15.3984	18.0212
1.45851	2.00074	-0.918265	21.7084	12.9472	-1.8781
-2.67503	-0.926255	3.16814	-27.1432	-12.802	20.7184
-4.04394	3.84285	9.73072	-32.1444	30.7314	91.9094
5.30984	6.08733	-1.6339	43.4619	50.63	-19.3706
4.58943	-8.66756	8.74107	37.743	-83.4291	74.8383
4.33076	7.28621	-0.252179	35.4595	57.7463	-5.53253
-3.33873	-1.79601	-2.62241	-36.652	-21.4621	-31.0702
-2.96084	4.6717	1.47051	-30.19	35.2111	8.26358
5.39488	1.49204	4.86154	50.5436	8.44446	48.6998
0.482817	-2.58022	3.53686	9.38869	-27.6251	37.3373
1.86132	-1.01048	-5.71299	11.6705	-12.6513	-54.9988
2.28732	2.12081	2.18728	23.5679	14.1276	22.1845
-4.85377	0.685898	-4.68535	-46.9863	2.46589	-44.876
-8.36195	-9.07231	2.29138	-71.7031	-86.5792	25.1061
4.24051	-1.07156	3.38369	42.5061	-11.8504	33.1644
4.17185	-4.02829	4.63108	32.8047	-40.5625	36.639
-4.48379	-6.22349	-1.77913	-36.3378	-60.3941	-11.9881
2.06947	-4.08047	1.90748	14.4221	-40.3177	11.9885
1.27338	3.10611	0.00620038	6.25977	27.1038	-2.57682
-0.195956	-6.22845	-10.9161	-5.62053	-61.3344	-101.692
-1.85984	-1.20337	8.44566	-12.0904	-14.6394	79.3196
-2.7018	1.88048	-3.18202	-20.9919	12.9038	-26.8753
-7.59481	1.37744	-1.61222	-71.2269	7.55808	-19.6955
-3.43649	2.41295	3.75347	-26.2382	16.8395	37.6204
-3.24632	-6.65646	-2.81789	-24.9553	-64.2323	-21.301
3.38632	1.58038	-1.58183	36.813	8.77404	-8.98357
-5.21945	3.31319	-2.1576	-42.376	25.0238	-13.8251
-15.051	-1.21576	-0.880546	-132.314	-15.4007	-3.70731
4.31199	-3.25903	0.315405	44.6737	-33.1803	7.20875
-2.4155	3.36337	2.12539	-27.3717	25.587	15.303
-2.44608	-2.3115	1.61398	-27.1214	-24.2929	8.44249
2.46061	1.78892	-3.16984	16.6355	12.1809	-33.7118
1.94398	3.16191	-0.488562	11.7801	22.6115	-9.29053
0.936951	2.13655	-6.4133	3.07898	13.4594	-61.3716
-4.15213	5.15434	-4.8991	-33.4166	41.6992	-39.9322
5.22493	4.66586	7.08111	51.091	36.6469	67.4992
-3.91822	0.779664	-3.91912	-38.9424	1.25218	-42.0504
69.711	-48.1115	22.9035	628.916	-441.377	202.999
-14.9659	-4.04771	2.41245	-140.347	-42.9158	18.2161
4.3269	5.98911	-6.22842	35.0009	50.0353	-60.4388
0.980419	0.467197	-2.91731	4.44163	-5.96432	-27.7722
1.13548	0.433274	1.0258	9.02576	-3.85992	11.5311
2.22312	4.80248	4.8365	15.3357	37.7241	38.2273
-20.8983	52.5522	0.0786888	-175.758	432.705	-0.577879
-1.15651	-1.02787	1.13096	-14.9061	-13.7506	4.33143
2.06133	6.2663	5.51863	14.6447	51.554	45.5132
6.7142	-6.75075	2.20181	63.9032	-64.5554	24.1443
-7.52761	7.70218	8.29605	-63.8909	65.3212	79.2268
3.79817	-1.42598	-4.09359	38.5602	-16.4527	-32.0002
-0.154658	2.48379	3.70481	-6.68363	17.5245	27.0955
2.52051	-7.64512	-0.779696	26.6101	-72.3346	-2.45612
3.6549	1.24823	5.04673	28.5698	6.76592	40.4101
5.57577	-7.01793	-0.0195377	54.901	-67.2565	3.97202
-4.71404	-14.336	-3.73677	-42.2727	-124.706	-36.4462
-2.96127	0.636757	1.68297	-28.7214	-0.206478	9.83913
5.51637	0.328931	7.52049	53.651	-1.54717	72.2796
-3.03648	2.18118	2.29058	-21.9231	16.3492	25.5482
-1.11589	-5.55035	-0.0638916	-6.89805	-53.4517	2.39474
-2.63056	3.37306	-1.31161	-27.9068	23.8785	-16.9986
-5.02386	0.648127	-2.52409	-47.6805	1.5021	-28.6304
0.428555	-1.59868	-2.85749	10.6496	-16.0498	-24.461
0.77241	-0.599573	-1.07079	1.66401	-6.62154	-12.6922
6.2097	2.43804	-7.70697	60.995	17.883	-65.7887
-2.23374	0.458057	4.73836	-24.3993	-1.13943	36.059
4.92454	11.5111	-7.27909	40.7284	99.5093	-70.5642
-1.85378	-4.67619	2.58709	-19.4651	-46.2265	17.4561
-0.412114	5.09543	-1.26239	-8.23792	38.9732	-16.1092
5.88206	0.0207941	-6.9897	47.9736	-5.03622	-67.3074
-5.6667	0.776235	4.33327	-46.2882	2.58363	43.7722
3.29193	-2.39619	-2.60149	18.6629	-26.7568	-21.0439
-4.05399	3.22199	8.96195	-39.0305	22.3876	66.8238
-2.54131	3.94868	2.62363	-27.6394	30.4507	17.9677
-2.19117	-8.31557	-13.4327	-15.4846	-79.6218	-118.34
-5.65452	4.68879	-2.71242	-45.6484	37.3549	-20.1583
-3.36804	1.47529	-2.37747	-35.2293	6.21221	-29.1514
-2.88705	1.89921	3.21816	-31.615	15.035	24.1058
4.9561	1.69211	5.65094	49.7576	10.9609	57.188
-0.750024	0.299355	8.54023	-1.71931	-1.23732	80.0929
1.6149	9.45812	1.7603	18.8816	79.9834	19.6725
-8.27089	-19.7829	3.51455	-69.1931	-182.991	34.5466
-6.77167	2.92576	0.389796	-64.1894	20.627	-0.827459
-4.6439	2.32918	2.31344	-44.8857	20.1155	17.0484
-3.78485	8.02132	-2.09377	-38.0082	66.7885	-23.6452
-2.92328	-5.68157	-2.26154	-22.3459	-55.7449	-16.4519
-2.05074	1.40665	4.58556	-16.5691	9.41045	47.0285
-2.07017	5.91633	2.56918	-13.4638	47.9989	27.1483
-2.72741	-2.32999	-3.08755	-32.5404	-26.6743	-33.6838
-1.83019	6.66672	-4.41	-21.1149	54.0413	-43.2298
0.91502	1.22777	-0.687261	12.4817	8.76738	-1.46491
-2.7287	0.362196	-1.47898	-23.1975	-0.171136	-11.5184
-0.56353	-3.71565	-4.11417	-10.4933	-37.4056	-41.3956
7.87202	7.96867	-9.47378	66.9415	67.701	-90.787
-5.29775	-2.84443	3.89974	-51.4644	-29.7182	28.9873
-3.81991	-0.86612	-4.01024	-27.9369	-10.2233	-32.8305
3.33054	1.59137	-2.73402	35.1827	12.3079	-23.1624
-3.8534	9.13396	-1.50827	-30.2213	77.5832	-9.89156
-1.55382	2.3918	-1.66336	-10.4388	16.9993	-8.2458
3.39931	-3.10747	7.88479	35.4275	-31.7705	74.3431
0.473587	-3.27038	-0.681969	1.92785	-32.052	-12.5057
4.77264	-0.627307	4.87313	38.3442	-10.1058	39.1595
-0.400679	2.09093	4.53075	-6.12274	14.0864	39.1504
4.22634	-0.541739	2.37848	32.3555	-9.76999	17.3927
-7.89007	-6.17085	-8.13293	-67.2814	-59.9923	-68.9862
-0.766084	3.58683	0.753913	-9.93693	26.7725	-0.580541
-4.25363	-1.00537	5.20746	-33.4997	-13.2655	51.1577
-1.12801	-10.7032	4.90794	-5.97767	-101.063	48.5226
1.96522	3.45469	-1.17503	21.5822	27.3558	-3.79164
-0.407144	1.12805	1.73759	-3.40134	0.48693	21.5333
-0.500886	8.26318	-0.750057	-1.01239	69.1931	-1.36545
2.88536	1.1585	-1.08652	29.0607	12.3008	-6.05171
-0.422072	3.61194	1.12635	-8.15499	24.7918	-0.513179
0.194704	1.26281	0.705435	0.755643	6.95421	5.90742
0.596831	-0.926266	2.0683	3.74835	-14.7963	25.2988
3.21784	12.2405	-2.22592	25.0024	105.97	-24.5546
5.84671	-1.41197	4.41272	55.852	-15.9348	43.816
1.56391	-2.32681	-2.75492	7.33437	-25.7096	-29.1036
-0.101443	-0.138532	-0.458365	-0.745671	-5.16641	-3.86375
6.28856	-2.06367	0.18217	51.7464	-23.0802	-2.7347
5.42388	0.0797252	-7.97681	44.6819	-3.54078	-75.7776
-1.68626	2.32227	1.38513	-10.0738	15.5835	16.8035
1.48762	5.02227	-2.89455	12.9965	38.2802	-30.3644
-0.291289	4.07697	-3.57717	-8.58551	31.8612	-37.3795
1.68247	-3.21159	7.57489	11.6814	-33.2589	63.0305
0.496478	-1.10669	2.77943	8.96154	-13.8678	30.5472
-5.83567	-7.91968	6.65994	-48.4129	-76.3794	64.5681
-3.19592	8.14541	2.43648	-24.8048	68.8592	26.632
1.98682	-2.27926	-0.946315	10.8207	-21.0006	-9.7302
1.90252	2.65209	-2.3072	22.2919	19.6479	-14.6099
0.710752	2.75413	1.34389	4.85195	21.2494	7.15977
-8.43729	-16.474	6.53658	-72.2082	-154.284	63.8983
-4.94332	-1.52051	-1.97201	-39.6445	-17.788	-14.0898
-11.1254	-6.11991	-6.23005	-86.803	-56.553	-48.7637
-1.24908	2.88761	3.8099	-6.2641	22.3159	38.1155
1.65253	-3.17885	4.17027	19.7582	-32.5546	42.8545
-3.11753	-6.4097	5.48272	-32.2412	-62.3215	44.5998
-0.337052	7.41047	-1.63504	1.45812	61.1358	-9.7555
-1.42321	-1.98391	3.38036	-7.76047	-24.0511	36.6609
1.82365	11.9897	5.43523	12.5421	103.878	44.3688
-5.37215	-3.22984	2.76217	-51.4844	-33.0717	20.2238
2.30246	-3.21792	5.93718	25.2231	-32.9083	57.8878
4.20811	4.0393	-2.94819	43.2175	29.8277	-21.5715
5.70624	-28.2535	31.832	54.4297	-238.982	268.734
3.35675	-3.06703	3.18564	24.9951	-31.7336	24.8878
-11.4745	6.90142	-18.3213	-91.9402	56.306	-145.395
0.740593	0.793985	-2.16746	-0.801749	-1.36372	-23.8709
-1.1924	1.67683	-0.717586	-14.5391	9.78882	-6.81797
-12.3112	5.41723	1.67832	-107.166	44.7953	19.5967
-2.80965	4.15233	2.59103	-29.4697	30.5282	18.8854
-1.2624	-1.77174	1.68802	-17.7478	-19.7817	9.4118
-1.64375	-3.84385	2.97827	-19.8693	-38.8564	20.2559
-1.70435	1.64841	0.517647	-20.865	7.7874	-0.900059
1.443	4.87917	-3.2895	7.02881	37.8945	-33.2522
-0.435854	-6.38584	3.40841	-8.13015	-60.3346	25.4963
4.63804	2.21743	-1.44486	44.9392	16.3536	-7.60414
1.47053	2.80976	-1.8293	9.48221	23.5785	-19.55
-15.538	-15.7528	-7.75478	-130.703	-134.32	-71.3566
-5.59088	-4.72755	6.4277	-45.8551	-46.9516	62.3882
0.430463	-2.21326	0.471165	-1.05311	-22.5339	-0.195302
-1.23675	-0.656621	-0.941819	-3.66487	-3.87489	-4.27946
1.33359	-3.82656	-0.809404	6.2108	-39.034	-12.7948
-2.77045	4.63138	-1.61888	-28.8668	34.4765	-19.6702
-3.62071	-2.17726	-5.95538	-28.4486	-23.1021	-49.1534
5.2806	1.60134	5.11877	50.9986	9.50849	49.6944
0.387234	-4.08327	-12.5063	7.99353	-41.274	-109.345
1.53308	-0.399979	-7.04216	18.3746	-8.90846	-49.4297
-2.05635	2.02458	-0.179276	-23.066	15.5943	-8.30028
3.05998	-1.91359	2.963	32.9697	-21.3633	34.0379
4.91144	1.11557	-2.08679	46.9695	5.84204	-15.4545
-2.82558	-3.30599	1.20672	-21.2575	-34.4725	16.0081
-3.54849	3.04733	3.45181	-37.1791	22.052	24.8
4.21733	-3.03084	-6.40916	33.8625	-32.2297	-61.8087
0.834982	-6.46493	4.93804	12.1486	-60.9956	48.1958
-5.79746	0.998938	-2.14564	-53.7916	4.46092	-24.1638
6.1192	7.00994	1.32964	58.487	58.6137	16.6604
4.37708	1.28495	-3.76827	42.7855	7.7458	-29.2698
0.927344	-7.00132	0.77909	12.3369	-66.2573	11.6244
4.13453	-6.78659	-7.38512	41.9302	-65.9024	-63.1762
12.2974	-23.5019	1.5882	116.346	-218.406	18.0893
-4.67531	5.54386	-3.08494	-46.2468	44.326	-32.7986
8.16388	-0.581657	4.20088	77.3985	-9.69774	42.5067
-3.03006	1.80093	-9.24708	-32.6664	10.222	-87.438
33.5193	35.6567	77.0451	308.8	319.539	704.571
-6.52817	1.142	3.22653	-61.9652	5.58747	23.687
-0.0831973	-5.55318	1.70038	-7.86815	-47.8752	7.89955
-3.8291	-4.27301	-5.05216	-30.4424	-42.7103	-41.4618
2.42652	2.4789	3.13882	24.0144	17.639	33.5104
7.45489	1.95602	-3.37904	62.4134	12.9777	-34.4294
0.930629	3.99283	-2.02454	8.45433	24.2937	-13.702
-5.5773	1.26515	-2.29171	-53.2425	7.61523	-25.5662
-0.872605	-12.055	6.22333	-3.96079	-112.855	60.3539
6.79222	-8.80846	1.1532	65.5299	-83.5163	15.062
-30.5357	-12.6513	-32.043	-280.518	-120.664	-293.496
-3.73077	1.30528	7.46365	-29.1708	7.64582	71.0003
-7.64751	2.86286	-6.50156	-72.981	20.5351	-63.7072
8.00547	1.8068	-9.99529	76.6208	11.7226	-86.3699
-5.97974	-1.52147	-0.341744	-56.4259	-17.8086	-8.52401
2.95175	-4.41623	2.97861	22.5938	-42.1619	22.7016
-2.06865	-1.76978	1.97581	-22.399	-19.4601	13.3357
-2.03512	3.44615	-1.65278	-12.9325	21.7197	-11.8254
4.76705	5.541	1.69301	38.0215	45.0615	12.054
-2.14528	-0.851189	-2.31961	-15.2919	-12.1851	-15.4821
-3.03014	4.09904	-2.98788	-32.0286	29.2972	-32.1924
-2.93657	1.66824	-3.32576	-22.114	9.09099	-24.4739
2.35682	2.12924	-4.06148	16.0471	12.9312	-41.604
1.53243	-2.55817	-2.47799	11.806	-22.8917	-27.0306
-4.43477	8.79609	-3.78252	-35.6147	74.5136	-30.4824
5.82495	-5.46413	0.527649	55.9784	-52.3599	9.71603
-1.86836	-5.08634	-7.98921	-12.8756	-49.6841	-68.6876
-2.70562	4.2756	-0.0529335	-19.9329	33.6582	3.25472
1.00136	2.21295	-4.51981	3.85089	14.5955	-43.9842
-2.25076	2.26371	-2.44373	-17.472	15.6743	-17.525
3.62543	-2.61581	-2.10201	42.8419	-26.0796	-23.5929
-0.898112	2.36212	2.13324	-14.5863	17.2336	17.524
-0.655466	2.69092	2.31679	-4.3625	19.765	28.6103
-4.71156	-1.8337	2.14762	-46.253	-21.2524	14.1352
-4.44291	0.0078624	-4.30002	-43.6964	-4.48258	-42.8697
-2.53667	-0.407376	-1.99118	-26.7327	-7.28271	-24.2655
4.2379	6.37619	-0.0931298	41.2757	58.3495	9.10752
2.25163	-4.67236	-1.72062	15.0215	-45.0012	-20.7843
1.48841	1.40888	-3.64985	7.46784	7.95749	-35.4506
-4.8827	-4.9938	7.4377	-47.5892	-48.6041	63.3543
-5.34958	-12.6716	1.02916	-44.2617	-119.439	13.4908
2.13325	2.62318	2.27425	22.0155	18.7973	27.3704
-1.43948	-3.34135	6.06253	-7.94616	-33.1586	58.3511
-0.2217	0.277091	0.309431	-8.43606	-4.39041	-2.47973
-3.721	0.990735	2.75448	-36.8588	4.65921	18.736
6.6632	-8.0008	6.00917	64.1604	-76.2983	59.0532
-1.12474	9.59141	2.40258	-5.63238	80.9125	26.0701
3.73038	4.181	2.02214	37.77	32.9837	22.7479
-1.95105	1.09643	1.7592	-20.6572	-2.69046	11.3883
-3.37118	6.88168	-5.62135	-26.1389	57.3691	-46.7462
5.14073	9.00344	3.18571	38.6517	66.8283	20.5319
2.12853	-0.162682	3.2278	14.2237	-6.04335	22.7285
7.05119	-4.27233	-9.5064	67.7264	-43.0377	-81.2374
1.21577	-3.48294	16.5187	5.85886	-37.266	143.842
4.51749	1.65266	2.70907	34.8886	9.78674	19.2298
4.66054	-0.446794	3.05283	45.5236	-7.28671	31.3606
-2.96771	5.65133	-1.5596	-30.794	43.8907	-19.4621
4.91136	-5.06396	-1.54487	36.1437	-49.2548	-17.5148
-3.49908	3.09702	3.01593	-35.8083	23.2773	22.5702
3.17661	-1.17551	-2.17966	34.1354	-16.1193	-14.9736
0.05319	0.266093	1.64296	-1.18494	-1.36649	13.9761
-2.28981	-0.311915	-1.93863	-25.4848	-7.53978	-21.4318
2.96792	3.35486	-3.0262	30.9973	25.1708	-22.476
-0.333074	-2.8188	-2.78764	-7.59371	-30.393	-29.4553
4.91075	2.11559	5.74012	39.4003	8.54158	53.7463
-2.87767	4.13125	-3.09271	-30.634	32.4817	-33.0726
0.360831	4.62687	-8.43744	-0.992328	36.7249	-79.5801
0.414299	-0.0257023	-2.51102	-0.0645731	1.41845	-25.3522
-1.72762	5.80645	-5.96705	-11.6591	47.2952	-49.8967
-4.17836	-2.40862	-0.148096	-33.1939	-25.9418	2.33368
3.53301	3.84597	-0.397303	35.5895	30.7493	2.75783
5.46102	-3.65072	1.8322	52.3096	-35.8144	20.108
-3.29258	0.908815	-1.40375	-35.9966	3.59873	-18.4455
-2.57831	-1.32714	3.66965	-28.0571	-14.5812	27.5466
4.78854	6.08669	0.750322	38.4606	50.6554	2.71582
-8.86928	1.38466	-2.57928	-75.5957	8.01291	-19.3731
3.11637	8.06668	-1.31726	32.265	67.1518	-7.85045
-22.9728	5.0304	-47.9201	-204.718	41.1133	-431.38
-3.78029	4.32487	-2.30248	-38.5513	35.7155	-25.9658
9.38882	18.6453	7.18812	83.2574	148.245	63.8918
-4.80037	-1.15823	6.83153	-38.6222	-13.227	65.4244
1.93437	1.73138	1.63315	25.6234	7.35047	23.2294
-1.16136	-1.52142	2.2604	-13.2622	-17.7862	11.1669
0.824482	-9.43503	-0.385211	11.5971	-89.0867	0.425325
-4.77904	1.47043	5.93217	-38.2973	9.47902	57.2876
4.24336	4.06431	-2.90157	41.2011	33.4109	-21.921
-3.09419	-8.69853	-4.75047	-32.2036	-83.0111	-47.7832
-0.247148	1.14416	0.407341	-1.036	7.13364	0.670412
1.22796	-1.1945	3.99507	6.41258	-14.0158	29.3366
21.9276	-53.838	3.88745	181.058	-453.715	31.1569
-6.53459	-0.399285	7.41112	-63.5744	-8.06084	61.8564
0.4448	4.48562	7.65768	8.53397	35.296	72.1934
2.21818	5.75599	3.44199	15.4661	46.8283	26.9755
2.04057	4.50609	0.916801	20.2844	29.665	11.006
2.07346	7.82373	3.1849	23.2062	65.177	33.493
-14.5808	-3.23616	-3.05724	-136.402	-34.4146	-32.6362
-6.09898	-5.95776	-0.797383	-50.2978	-57.265	-2.19103
-1.91306	-4.33762	-0.565978	-12.6267	-42.4091	-0.300001
1.39938	-4.64695	2.49813	19.4358	-45.9648	24.4263
11.6277	-5.72979	-9.75991	109.863	-56.6072	-84.861
1.76123	0.777514	2.30668	12.216	3.70027	16.0477
-3.43863	2.10455	3.6553	-35.1639	14.2735	25.9988
-0.241773	1.9847	-2.13881	1.3289	16.8438	-15.7992
-1.83387	-2.08753	0.971592	-21.1761	-23.1512	4.06325
-6.10936	-0.42159	-3.13915	-59.7799	-6.79511	-34.3475
2.51122	2.04961	4.36276	27.7513	15.9972	43.3232
-83.451	52.0018	-31.6614	-763.433	468.722	-293.034
4.58007	-0.749412	3.42967	38.8339	-6.98766	26.8501
-2.23101	-6.49446	1.55184	-16.3894	-62.0567	17.7842
1.29269	1.46226	-0.952795	20.3405	10.3327	-4.25242
-3.51847	-1.61983	-3.22972	-36.4479	-18.89	-33.028
1.50623	-9.51095	-4.56594	15.4615	-83.5277	-31.8496
-2.68214	-1.98539	-0.144131	-31.3445	-24.3102	-8.38436
3.20577	-1.14403	2.32401	24.5114	-14.1091	17.5923
5.57356	5.38121	6.61837	53.3774	42.5094	63.6391
-2.38833	1.12636	4.7671	-15.7276	5.06352	47.3182
-3.3244	-4.79815	-4.49272	-26.2111	-36.5804	-35.4632
-2.92958	2.69095	2.24503	-34.9326	20.0729	18.6959
4.62308	3.8718	-3.62642	44.4205	31.4548	-27.7022
-4.79395	0.934052	0.997983	-46.5336	5.41512	5.00246
3.92862	2.53823	7.82546	39.731	18.0218	73.817
-4.6094	1.10901	-5.98581	-44.3324	6.38687	-57.9897
1.1476	-0.419424	0.304353	6.53462	-6.85368	-0.190145
1.39424	1.88266	2.19535	10.1618	10.4176	15.1793
-5.5968	7.87705	6.0581	-54.5621	66.7179	50.252
2.98304	-1.54766	0.0794842	22.1779	-18.9698	-3.36649
-1.7977	4.07749	-3.40532	-23.0133	31.9153	-35.0855
-1.95819	3.04301	-3.27681	-22.8451	21.8624	-33.2316
-2.8399	1.84418	5.02557	-17.4768	12.9008	49.3274
-1.63851	-0.312748	-1.47701	-13.404	-4.39127	-16.2336
-3.08194	2.5295	-2.85999	-32.6014	17.7614	-30.6681
-4.04212	-0.584378	-2.9206	-39.8035	-11.0843	-32.0472
4.24664	6.27189	-0.163294	40.8854	44.9541	-0.366708
3.83371	4.0685	-3.55947	39.4217	32.8232	-27.6333
-3.39313	-0.800288	-7.96184	-25.7632	-11.2852	-67.4495
-4.48205	-1.61281	-5.16924	-44.3264	-18.4702	-51.1506
2.6544	0.455692	1.01437	29.5009	5.30256	11.3834
0.213197	2.31891	-2.21954	8.9137	16.7179	-16.4723
0.526034	1.99644	-6.13981	10.0682	13.1812	-51.0894
3.77661	-4.17252	-2.36282	29.0073	-42.0928	-26.0701
-3.6775	-6.9488	-12.9162	-28.6896	-61.3236	-104.972
6.54172	4.66419	-3.04885	63.4805	37.7014	-22.6791
-3.93418	4.66976	-4.53069	-30.7797	37.8343	-36.3977
-8.0202	-4.74666	-1.78571	-63.3716	-44.7847	-6.5718
-1.971	-6.06474	-1.87001	-13.7205	-57.732	-12.9561
-5.61554	-1.37142	5.44394	-44.8488	-15.3621	51.2065
1.4873	-7.08379	4.87534	9.05751	-68.0715	39.7787
1.70964	-1.58283	5.12248	10.7055	-18.1153	39.7703
-6.36782	2.1896	0.160424	-60.1398	15.3611	-4.04687
-0.171671	-4.00499	3.57199	3.73499	-38.2945	35.3867
1.06425	3.21386	-1.51854	13.8693	24.6881	-7.44256
6.41524	-0.834133	2.5623	61.0761	-11.6891	27.9572
-3.60717	8.90657	-1.4245	-37.2243	74.6896	-18.2179
-2.53708	-2.111	1.85983	-27.5343	-27.2197	13.9253
-4.92843	-2.618	2.16878	-46.6948	-27.9251	13.9757
-1.11071	-0.530874	-6.7081	-15.3936	-9.25072	-63.2292
-4.78938	-2.59003	1.43625	-46.1825	-28.4969	8.75995
2.70493	2.55603	-0.148791	30.8345	19.3472	2.43373
2.48434	-3.06999	2.75569	18.9208	-31.7889	21.669
4.93183	-1.79611	2.21191	39.0549	-20.5429	16.3911
1.94885	8.07778	2.98368	14.7822	61.542	23.7255
0.336513	-5.70932	-5.10113	-2.44846	-55.6498	-50.479
11.7812	3.69935	4.28949	101.301	23.5408	38.3989
-5.84385	-5.52346	-0.49372	-48.5296	-53.7556	-0.415036
-3.41189	3.01282	-3.21353	-25.1107	21.8945	-23.855
2.15544	2.99231	1.40538	14.5843	21.6724	10.3038
6.43543	3.81012	2.30172	60.582	28.7213	24.7322
-3.05207	7.08841	-9.87476	-23.8066	59.6545	-84.561
-2.36112	-2.63566	-2.381	-28.3754	-28.8886	-27.1375
-2.3625	1.59951	-1.029	-25.8159	10.1414	-12.9079
4.29907	7.3194	3.83788	34.3415	60.6932	29.3249
-3.01604	-2.3406	6.08889	-22.5978	-25.0153	59.0578
-5.89582	-0.732466	-9.71859	-49.4299	-10.9484	-83.8909
4.93898	6.51062	2.85614	48.4119	53.1098	29.4374
0.398072	-1.88542	0.0897302	7.92559	-22.5804	5.99951
-3.38344	5.11665	0.686149	-25.0488	40.0282	9.55482
0.804907	1.36253	-0.855821	2.64238	8.61126	-15.3905
-11.1962	25.0883	12.7799	-95.7943	207.065	102.688
3.82226	-2.55814	0.120373	27.3473	-20.2419	-5.45712
-2.15852	1.19066	-3.22191	-23.6703	8.0715	-35.0418
1.4171	-3.78751	5.94296	16.8499	-38.8966	57.7926
5.60251	-5.11321	-1.82881	47.6452	-50.0801	-22.4859
0.132685	5.78813	5.55619	5.24361	46.3992	54.0685
3.04849	2.04416	-1.96808	27.6811	16.2406	-12.8638
1.26345	3.1627	6.776	16.6424	24.0389	64.3877
-5.72442	1.6356	-11.0264	-50.7828	12.7311	-93.1392
1.41538	7.04056	10.3456	13.726	53.3093	86.1826
5.25543	-2.80997	-3.69423	43.8733	-29.9221	-37.1169
-1.08928	5.55927	1.42492	-14.697	43.4093	7.92087
4.78142	2.17352	-6.15039	38.8583	15.357	-59.8124
-9.58809	3.53205	-0.2662	-82.0929	27.8142	2.00568
-3.16572	1.60269	-2.42931	-22.8526	11.6939	-19.9927
-4.70452	6.60026	-6.99989	-47.1612	54.5447	-67.4224
2.9951	2.73135	3.34994	33.4845	20.4873	37.9106
-3.91465	3.84475	2.58915	-39.9632	29.6823	18.1722
3.84826	-1.57192	-3.83846	31.0435	-17.6244	-38.7034
-4.83143	3.88683	3.30652	-47.2431	30.982	25.169
-0.918356	-1.47078	-5.55664	-5.5585	-17.0405	-36.6807
-1.15069	1.33821	-3.90904	-3.56479	3.07791	-26.8962
-2.06205	1.00368	3.9934	-21.8784	4.65761	29.0915
2.76804	1.13983	-1.81106	29.5389	5.02979	-13.0956
1.2439	-1.13635	-5.69948	14.9205	-15.0834	-46.1623
10.4962	0.0665759	10.4772	91.3181	-4.65853	90.9417
1.7711	1.06113	-3.08393	20.5257	4.34597	-21.7711
-2.79111	2.34324	-3.48452	-31.7654	16.7691	-38.7301
-1.39456	2.19764	3.55179	-7.98203	15.1906	39.3413
-3.62451	-5.00527	-4.18383	-37.3024	-49.2148	-42.8872
1.18856	-0.617186	4.76339	13.4585	-9.55584	46.854
-3.86927	-2.59002	2.60299	-38.9312	-27.3046	19.0153
-1.78216	-10.2256	-17.0112	-19.4159	-97.5803	-159.641
11.2264	-0.273452	8.18798	88.215	-8.35404	64.6923
-2.85125	-3.16661	2.90372	-21.4235	-33.2117	31.8561
-9.24769	-0.329604	-3.71838	-79.3262	-6.98648	-30.1134
-0.511923	-2.6468	-3.14126	-3.55173	-27.4302	-25.1316
-1.89807	-10.079	-1.2627	-13.7721	-94.1209	-6.69088
2.6709	6.7252	-2.95614	29.4438	55.6394	-21.5084
3.23944	-3.73897	3.53758	25.1023	-36.7078	27.8666
6.10097	-2.7551	-1.53688	50.0835	-28.6381	-17.8903
-4.19486	7.34397	-30.3066	-41.8912	62.3544	-279.945
-2.2024	9.47174	10.0121	-15.6434	81.0838	94.7502
1.91243	-2.30404	-2.70547	9.58007	-23.711	-31.3224
-0.767494	5.21923	3.75038	-11.1006	41.3097	28.7011
3.80466	-4.26466	-0.812268	29.14	-42.316	-11.2397
-3.51728	4.42059	5.60731	-26.7526	35.3741	54.8927
0.436435	12.6466	-9.93809	8.06459	110.676	-86.7569
5.33011	6.6583	6.87576	43.7315	55.4149	57.0291
-2.85722	0.881054	3.28177	-29.1512	3.09627	25.7325
4.50822	4.44326	3.58421	44.6736	34.9112	36.7333
-3.13853	2.48909	-2.65743	-35.7382	19.263	-32.1933
-3.84978	1.50664	-3.58108	-37.6888	8.85816	-37.9376
-5.80199	-0.0780052	-2.18858	-55.4203	-4.17715	-24.7143
4.24102	5.45045	2.74708	33.7277	44.4366	20.5013
-3.07374	-0.695844	14.5463	-23.1247	-11.2259	135.683
-2.74442	5.12011	-4.67433	-29.2411	40.3507	-46.4227
-7.06023	50.6018	14.6404	-68.3874	455.201	128.05
0.626937	0.193342	2.5936	10.1789	-3.50546	29.8998
-0.433668	-0.271626	0.595701	-11.457	-4.29586	-1.41649
-0.798444	-4.26275	9.54916	-2.69401	-42.3084	90.2346
35.9518	7.58296	41.0295	323.766	63.2294	370.642
1.28629	-0.659039	-2.1918	16.7748	-9.1112	-10.1821
0.454318	-4.15915	-1.48436	8.52726	-41.5591	-8.35971
1.29176	1.8787	1.73913	10.077	12.7282	12.9838
-1.12087	-0.0681997	-8.55981	-6.21	-4.86014	-71.8939
-1.68115	1.36909	2.86078	-19.7091	7.93784	18.4965
-5.79102	4.80746	-1.5517	-55.2067	37.834	-18.4943
0.950766	-0.193942	8.9143	13.7454	-6.44247	83.2564
-4.32823	1.72369	-10.1492	-34.5484	11.1706	-87.8884
2.51883	-1.95027	-1.00343	19.9475	-22.0345	-11.7321
-1.0307	4.68848	2.71372	-14.725	36.0261	19.4929
2.02011	3.02859	-1.68529	13.3419	19.9429	-19.7119
-6.6247	6.74044	-1.70505	-64.1794	55.3345	-20.5894
0.869064	0.926297	-0.0405313	8.31562	6.78174	3.4441
-2.30261	1.75403	0.684531	-26.1661	14.4282	2.35147
2.74491	0.660561	2.84239	19.0414	1.21554	20.2901
6.7836	-4.29905	-5.20423	57.5658	-43.049	-51.3555
0.285407	2.54409	1.29469	-0.745956	16.8058	1.34883
-6.26472	-5.03223	4.32931	-52.1416	-49.7546	43.2982
3.64677	9.75082	-6.41221	28.6253	83.2206	-62.34
3.96596	6.19308	-3.71705	40.6238	50.4868	-29.495
0.208763	4.45266	-6.42924	-3.29078	34.619	-62.0208
4.21416	-2.25658	-5.81888	32.8568	-25.6359	-57.2661
-4.47814	-2.86942	0.0310665	-42.5002	-29.1261	-4.59572
-2.71532	4.18315	0.605822	-30.5617	32.3153	2.95305
1.87122	1.61738	-2.34188	24.1288	9.23195	-13.9339
3.64332	-0.288198	-0.947473	36.4079	-5.43209	-3.40581
2.41308	5.39343	1.51836	24.9318	42.2785	18.1313
-1.24282	1.75935	-1.24549	-6.66733	10.29	-9.3446
29.6571	25.7466	-19.2489	253.913	210.79	-156.726
9.51291	-0.955531	5.0704	89.0892	-13.0469	50.2988
0.560856	3.45543	2.41483	-0.168582	25.3252	17.146
-1.77749	-1.77553	2.43247	-21.0312	-19.194	17.3934
-2.29444	-3.87703	-0.60164	-16.5248	-32.1569	-3.12748
1.80089	7.54045	-7.15412	11.7448	63.0135	-68.8164
4.35892	7.52771	-2.88684	43.8652	63.0032	-22.3105
6.07628	4.05416	3.4203	59.0033	31.8479	34.6931
2.31197	-1.39525	2.7344	26.0585	-17.4761	31.1449
-4.44814	6.10449	0.614382	-45.1962	49.1878	1.0486
1.754	1.77276	-1.30853	18.3316	14.1806	-8.67925
-4.2671	5.73073	-2.14633	-41.0469	45.3265	-23.8057
3.334	-4.29304	2.7993	25.1561	-42.247	22.5223
5.88604	-0.489252	2.53631	56.02	-8.92015	27.1042
-7.29561	4.26122	-5.44333	-61.7457	33.9986	-44.8821
-2.44407	7.28514	7.12588	-16.3873	52.7617	63.2691
3.77271	-0.0871721	2.75304	38.5899	-3.89661	28.5716
-0.0320374	-2.6179	-1.81213	5.41028	-29.1923	-9.53281
-7.00589	0.175366	-5.9017	-66.7645	-2.62439	-57.5443
-4.23546	1.56481	3.25758	-41.8674	9.98197	23.4966
-2.53823	3.92295	4.61282	-18.5319	30.0387	44.6978
-1.91331	-1.079	-2.12335	-9.26766	-17.7953	-15.0456
2.42093	2.55476	1.69654	26.2099	16.9812	20.5501
3.80136	-1.38111	-5.0293	28.9505	-17.1973	-49.2126
-3.59931	11.8766	-1.27495	-28.4773	102.47	-7.14918
-21.4958	14.9965	4.79104	-192.062	132.048	47.9299
-11.3684	-6.86796	10.7502	-98.7002	-66.8119	101.49
-3.92729	0.704665	3.96775	-39.2712	2.39754	30.903
-3.23225	3.58005	-1.28387	-32.0655	26.8156	-16.2447
-4.13083	2.30803	2.99731	-32.3886	16.8233	30.2251
-0.0460702	-3.56165	-2.90747	-5.63227	-35.015	-30.1639
7.03111	9.24086	-6.63464	68.2318	79.3429	-55.9392
3.98047	0.643195	2.42239	24.39	0.471092	15.8654
-8.59307	4.41461	-2.62845	-72.1543	35.2324	-20.1087
4.36375	1.29214	6.06879	44.211	6.62416	57.5143
-4.24856	2.41766	-6.64462	-33.9285	17.5571	-55.9196
-2.24088	1.03576	-4.98682	-25.2823	4.63155	-48.2348
1.46885	0.539619	2.13642	10.6117	-0.828205	16.1066
0.187059	3.40209	-5.17655	-3.26375	24.9342	-50.2453
-3.86278	4.62957	1.14302	-36.9751	35.3477	4.69292
2.6749	-8.17534	1.09326	28.0433	-77.1331	14.4599
-2.32719	-3.5813	-2.69013	-26.5546	-35.5386	-29.9765
1.80701	3.8752	6.03867	13.0772	30.0374	47.5014
6.24879	1.737	3.96756	59.4278	11.6766	42.011
-1.69276	-4.99186	-1.50542	-10.5516	-48.4443	-8.46107
1.16955	1.13058	8.26661	15.8122	5.79738	77.7811
0.550502	2.61546	1.27916	5.32796	16.2623	10.7097
3.01952	6.18818	5.5392	31.3527	50.4498	54.5473
4.09473	-4.67682	0.135054	41.3987	-46.5495	6.40132
1.24739	3.04497	-2.20261	13.0457	22.9401	-15.2409
-8.54737	-1.94325	-5.80646	-81.1394	-21.8244	-57.1595
-1.90746	-1.18282	4.0466	-13.2812	-15.837	41.9285
2.39766	-4.50207	4.27802	27.1027	-42.728	43.0198
-1.69218	-1.93769	13.0167	-10.548	-21.8997	121.511
-2.56476	2.35758	-2.46922	-28.1662	20.4363	-26.5579
-4.60487	-3.09185	1.38322	-45.6025	-31.3427	7.91346
-6.53651	1.51912	-4.59297	-62.6857	9.08671	-46.0146
-6.63942	-3.60037	-1.97908	-55.554	-36.9996	-13.9009
-3.73111	-4.70443	6.50965	-28.8572	-46.2392	62.6203
3.61943	3.4138	0.554018	26.3462	25.9938	-0.29768
-4.66648	-5.23244	-6.11532	-47.2936	-52.6639	-61.5792
-1.55626	-2.86465	-4.96344	-19.5109	-30.0341	-48.8113
3.99446	-1.58821	-2.70614	30.1157	-19.1502	-28.1099
2.91919	3.81909	-2.42241	29.5423	31.5529	-16.2989
5.04531	4.3888	-3.35824	50.5799	36.0856	-26.6008
-0.0409	8.56301	0.973367	4.04968	71.7266	12.6047
-2.90526	1.0181	-6.50408	-30.9306	4.98837	-61.7679
-5.77645	2.07503	5.93772	-43.2117	10.216	54.4388
-2.29671	1.73489	2.42278	-16.8427	12.2141	26.1936
1.86821	0.805284	1.42784	13.4537	3.32308	8.79948
-3.58645	-3.36735	0.0600027	-36.6401	-34.4018	-4.0789
4.16227	4.28681	0.360673	41.464	33.7989	8.11827
-1.00884	-0.766127	-1.44222	-6.3951	-11.7319	-10.1285
-6.38225	-8.19297	6.0579	-61.6488	-78.5679	51.1933
2.42197	6.57373	6.16073	17.9514	53.5436	50.6818
5.67988	8.70717	-0.231028	46.8924	73.7202	-6.4581
-0.903902	-0.00363032	3.03967	-11.9795	-3.53982	21.473
4.35931	7.30956	-0.288717	34.3362	63.7079	-7.94819
0.072871	-6.08841	0.402208	-0.3897	-49.5297	2.51201
4.7128	-5.75101	3.02999	47.1495	-55.6067	30.961
-1.51869	1.50268	3.1121	-18.3224	10.9428	22.4791
3.0138	0.670869	-4.63992	21.1503	1.00494	-46.1763
-1.69221	-6.41004	-2.99136	-19.7452	-61.2515	-30.9513
-4.62845	6.24321	-1.74617	-37.0953	51.6273	-12.5346
3.53846	9.32634	0.471683	36.2497	78.8668	8.37814
-2.71928	1.37216	3.8516	-27.189	7.9179	28.4184
-3.79608	-13.4691	-1.09461	-29.593	-126.339	-6.50321
5.87691	-0.0380285	7.5749	57.5177	-3.98497	72.3795
-1.97551	0.52783	-0.931734	-23.4962	-0.253798	-14.331
-0.716671	-2.48899	0.619296	-14.9027	-24.0796	5.21066
0.600364	3.72616	0.108842	9.74804	28.1222	7.05841
-0.33323	2.33341	3.60244	-4.40517	22.3934	33.5099
1.88578	0.682676	2.28723	9.04432	2.05893	19.3126
2.43646	3.44732	-2.82446	27.3514	28.4178	-19.3079
-6.44495	0.364015	-3.63505	-60.2334	-2.8822	-38.2966
0.89292	1.19877	-2.02222	14.4811	2.04562	-12.2929
0.982408	2.86336	7.56945	14.3227	21.0928	72.118
-3.06161	2.83119	5.04264	-22.1083	21.4446	48.936
-4.47658	4.67569	-3.58911	-45.0244	36.7802	-36.9169
8.20877	-2.8791	-0.835556	77.425	-29.9017	-3.37436
1.6109	1.22244	0.214304	6.07731	1.95222	-3.3615
0.226853	-2.29577	-14.773	-5.76003	-24.2008	-127.108
-0.45891	-3.13378	1.69864	-0.796971	-31.7454	19.459
-4.81377	-3.53648	-1.22193	-50.6645	-33.8364	-23.0371
1.00078	-1.22895	-0.0854726	3.07273	-14.4482	-5.03515
7.28094	5.02532	-9.10151	69.7323	41.2822	-78.5533
7.40301	4.45475	-7.69579	62.3818	35.783	-73.852
3.83896	-1.86044	-5.55685	30.376	-22.5234	-53.9799
0.0985548	-3.45226	-5.12262	-4.00903	-34.7065	-48.9433
0.42571	3.52238	3.80961	-0.789859	26.5072	29.6681
-3.94418	-4.02928	3.70332	-31.2613	-40.2992	38.268
10.2309	2.95317	-4.83345	88.344	22.5127	-48.48
10.6814	2.99467	-6.54183	92.3862	22.8809	-63.7104
2.80124	-1.57506	2.99596	31.3961	-18.1808	31.9717
5.80382	-4.24765	-3.06843	56.89	-42.9077	-23.0873
-0.71132	5.21195	-2.96303	-10.4337	42.2246	-29.5906
-2.30065	-1.10782	-11.2084	-19.1074	-12.4297	-98.7959
-4.51083	1.18267	-3.15218	-47.1711	6.86711	-31.0869
2.9258	-5.3646	2.06197	30.6288	-51.7211	22.7356
-5.57458	-9.01244	-1.77069	-46.3183	-85.7856	-11.8102
1.11836	0.877936	-0.898188	17.2982	3.08562	0.651415
1.26065	-3.21915	2.27383	7.16302	-33.8239	16.4247
2.68777	-1.50958	3.15944	30.3431	-18.4289	35.6164
11.008	-8.78169	-6.52567	104.257	-84.2537	-55.6424
5.96364	-0.594251	6.47297	57.1964	-8.88707	62.4069
-1.50945	-0.893999	1.11872	-23.5117	-10.4377	11.9142
5.02904	-6.15622	1.71319	49.2379	-59.0783	19.4504
2.89782	1.76416	-2.26591	28.1608	13.8505	-10.4585
13.0108	-8.27235	4.5556	101.641	-72.9392	31.713
3.71999	8.78887	-5.603	38.3202	74.9079	-46.5964
-1.86244	8.53754	-3.99211	-12.4989	72.5458	-32.4705
2.43084	-2.56086	4.1212	26.4606	-28.5982	43.0437
-2.161	-1.73602	4.10865	-15.8206	-18.863	41.3494
-1.83021	9.17848	-6.12018	-8.37086	72.6589	-48.265
5.50849	-2.62476	5.62866	54.4566	-27.1323	54.7829
-1.81007	2.10373	2.90603	-19.221	13.9813	19.4862
-3.90039	-1.05584	-4.57256	-39.8874	-13.3328	-43.9922
-25.6258	3.22245	-12.3196	-206.414	23.1723	-98.9556
-1.5893	0.902679	-1.32828	-11.6246	2.92461	-6.31595
0.516514	-5.95784	-6.92886	0.89326	-58.3963	-67.1751
-4.20125	0.435485	-3.33692	-42.8051	0.0416902	-34.9277
-6.12369	3.32693	-4.294	-58.8089	24.536	-43.2993
-8.3462	2.97998	7.76155	-71.0433	23.2673	74.5505
-2.23925	-3.20394	3.4624	-24.1282	-32.9486	26.3148
-1.55734	4.7248	4.11393	-17.4642	36.7552	32.9324
2.91985	6.587	4.27573	31.4156	53.1053	41.4725
-10.0393	-8.64775	-23.3245	-96.2215	-84.1595	-217.125
-2.55484	-1.44758	-3.00531	-27.5452	-16.8134	-31.1828
2.28443	-14.4997	-2.50646	24.7399	-135.53	-18.3434
4.53857	-1.71386	1.05508	41.6817	-12.4258	9.38582
1.54275	-0.0271691	-0.0276016	20.6492	-4.17239	-0.231903
