
[1mTotal memory size:[0m 24000 B, 23 KiB, 0 MiB

[1m Step    Time, s Interact/s  GFLOP/s  delta x  delta y  delta z[0m
    0  2.726e-02  3.668e+07      0.6  6.077e-02 -2.161e-04  5.900e-02 (warm up)
    1  2.768e-02  3.613e+07      0.6  5.570e-02 -1.981e-04  5.408e-02 (warm up)
    2  2.727e-02  3.667e+07      0.6  5.064e-02 -1.801e-04  4.917e-02 (warm up)
    3  2.691e-02  3.716e+07      0.6  4.557e-02 -1.621e-04  4.425e-02 
    4  2.722e-02  3.674e+07      0.6  4.051e-02 -1.442e-04  3.933e-02 
    5  2.732e-02  3.660e+07      0.6  3.545e-02 -1.262e-04  3.442e-02 
    6  2.700e-02  3.704e+07      0.6  3.038e-02 -1.082e-04  2.950e-02 
    7  2.685e-02  3.725e+07      0.6  2.532e-02 -9.023e-05  2.458e-02 
    8  2.885e-02  3.467e+07      0.6  2.025e-02 -7.225e-05  1.967e-02 
    9  3.507e-02  2.852e+07      0.5  1.519e-02 -5.427e-05  1.475e-02 
   10  2.954e-02  3.385e+07      0.6  1.013e-02 -3.629e-05  9.834e-03 
   11  3.042e-02  3.287e+07      0.6  5.063e-03 -1.831e-05  4.917e-03 
   12  3.017e-02  3.315e+07      0.6 -4.982e-07 -3.345e-07  4.421e-08 
-----------------------------------------------------
[1mAverage performance:      [42m       0.6 +- 0.0 GFLOP/s[0m
-----------------------------------------------------
Average delta:	 1.494e-02
-----------------------------------------------------
