
[1mTotal memory size:[0m 24000 B, 23 KiB, 0 MiB

[1m Step    Time, s Interact/s  GFLOP/s  delta x  delta y  delta z[0m
    0  8.030e-02  1.245e+07      0.2  6.077e-02 -2.161e-04  5.900e-02 (warm up)
    1  7.951e-02  1.258e+07      0.2  5.570e-02 -1.981e-04  5.408e-02 (warm up)
    2  4.147e-02  2.411e+07      0.4  5.064e-02 -1.801e-04  4.917e-02 (warm up)
    3  3.822e-02  2.616e+07      0.4  4.557e-02 -1.621e-04  4.425e-02 
    4  3.821e-02  2.617e+07      0.4  4.051e-02 -1.441e-04  3.933e-02 
    5  3.854e-02  2.595e+07      0.4  3.545e-02 -1.262e-04  3.442e-02 
    6  3.816e-02  2.620e+07      0.4  3.038e-02 -1.082e-04  2.950e-02 
    7  3.817e-02  2.620e+07      0.4  2.532e-02 -9.020e-05  2.458e-02 
    8  3.852e-02  2.596e+07      0.4  2.025e-02 -7.222e-05  1.967e-02 
    9  3.815e-02  2.621e+07      0.4  1.519e-02 -5.424e-05  1.475e-02 
   10  3.815e-02  2.621e+07      0.4  1.013e-02 -3.626e-05  9.834e-03 
   11  3.852e-02  2.596e+07      0.4  5.063e-03 -1.829e-05  4.917e-03 
   12  3.815e-02  2.621e+07      0.4 -5.013e-07 -3.122e-07  4.257e-08 
-----------------------------------------------------
[1mAverage performance:      [42m       0.4 +- 0.0 GFLOP/s[0m
-----------------------------------------------------
Average delta:	 1.494e-02
-----------------------------------------------------
