
[1mTotal memory size:[0m 24000 B, 23 KiB, 0 MiB

[1m Step    Time, s Interact/s  GFLOP/s  delta x  delta y  delta z[0m
    0  3.803e-02  2.629e+07      0.4  6.077e-02 -2.161e-04  5.900e-02 (warm up)
    1  3.681e-02  2.717e+07      0.5  5.570e-02 -1.981e-04  5.408e-02 (warm up)
    2  3.664e-02  2.729e+07      0.5  5.064e-02 -1.801e-04  4.917e-02 (warm up)
    3  3.680e-02  2.718e+07      0.5  4.557e-02 -1.621e-04  4.425e-02 
    4  3.635e-02  2.751e+07      0.5  4.051e-02 -1.442e-04  3.933e-02 
    5  3.641e-02  2.746e+07      0.5  3.545e-02 -1.262e-04  3.442e-02 
    6  3.647e-02  2.742e+07      0.5  3.038e-02 -1.082e-04  2.950e-02 
    7  3.773e-02  2.650e+07      0.5  2.532e-02 -9.023e-05  2.458e-02 
    8  3.672e-02  2.723e+07      0.5  2.025e-02 -7.225e-05  1.967e-02 
    9  3.656e-02  2.735e+07      0.5  1.519e-02 -5.427e-05  1.475e-02 
   10  3.645e-02  2.743e+07      0.5  1.013e-02 -3.629e-05  9.834e-03 
   11  3.630e-02  2.755e+07      0.5  5.063e-03 -1.831e-05  4.917e-03 
   12  3.704e-02  2.700e+07      0.5 -4.982e-07 -3.345e-07  4.421e-08 
-----------------------------------------------------
[1mAverage performance:      [42m       0.5 +- 0.0 GFLOP/s[0m
-----------------------------------------------------
Average delta:	 1.494e-02
-----------------------------------------------------
