
[1mTotal memory size:[0m 393216 B, 384 KiB, 0 MiB

[1m Step    Time, s Interact/s  GFLOP/s  delta x  delta y  delta z[0m
    0  8.571e+00  3.132e+07      0.5  6.007e-02 -2.600e-04  5.939e-02 (warm up)
    1  8.614e+00  3.116e+07      0.5  5.506e-02 -2.384e-04  5.444e-02 (warm up)
    2  8.568e+00  3.133e+07      0.5  5.006e-02 -2.167e-04  4.949e-02 (warm up)
    3  8.572e+00  3.132e+07      0.5  4.505e-02 -1.950e-04  4.454e-02 
    4  8.618e+00  3.115e+07      0.5  4.005e-02 -1.733e-04  3.959e-02 
    5  8.565e+00  3.134e+07      0.5  3.504e-02 -1.517e-04  3.464e-02 
    6  8.566e+00  3.134e+07      0.5  3.003e-02 -1.300e-04  2.970e-02 
    7  8.567e+00  3.134e+07      0.5  2.503e-02 -1.083e-04  2.475e-02 
    8  8.576e+00  3.130e+07      0.5  2.002e-02 -8.662e-05  1.980e-02 
    9  8.647e+00  3.104e+07      0.5  1.502e-02 -6.495e-05  1.485e-02 
   10  8.572e+00  3.131e+07      0.5  1.001e-02 -4.327e-05  9.898e-03 
   11  8.569e+00  3.133e+07      0.5  5.006e-03 -2.160e-05  4.949e-03 
   12  8.569e+00  3.133e+07      0.5 -3.991e-08  7.684e-08 -1.250e-07 
-----------------------------------------------------
[1mAverage performance:      [42m       0.5 +- 0.0 GFLOP/s[0m
-----------------------------------------------------
Average delta:	 1.490e-02
-----------------------------------------------------
