
[1mTotal memory size:[0m 24000 B, 23 KiB, 0 MiB

[1m Step    Time, s Interact/s  GFLOP/s  delta x  delta y  delta z[0m
    0  7.809e-03  1.281e+08      2.2  6.077e-02 -2.161e-04  5.900e-02 (warm up)
    1  7.796e-03  1.283e+08      2.2  5.570e-02 -1.981e-04  5.408e-02 (warm up)
    2  7.792e-03  1.283e+08      2.2  5.064e-02 -1.801e-04  4.917e-02 (warm up)
    3  7.801e-03  1.282e+08      2.2  4.557e-02 -1.622e-04  4.425e-02 
    4  7.792e-03  1.283e+08      2.2  4.051e-02 -1.442e-04  3.933e-02 
    5  7.796e-03  1.283e+08      2.2  3.545e-02 -1.262e-04  3.442e-02 
    6  7.793e-03  1.283e+08      2.2  3.038e-02 -1.083e-04  2.950e-02 
    7  7.819e-03  1.279e+08      2.2  2.532e-02 -9.028e-05  2.458e-02 
    8  7.810e-03  1.280e+08      2.2  2.025e-02 -7.231e-05  1.967e-02 
    9  7.798e-03  1.282e+08      2.2  1.519e-02 -5.435e-05  1.475e-02 
   10  7.795e-03  1.283e+08      2.2  1.013e-02 -3.637e-05  9.833e-03 
   11  7.825e-03  1.278e+08      2.2  5.063e-03 -1.839e-05  4.917e-03 
   12  7.804e-03  1.281e+08      2.2 -7.098e-07 -4.332e-07 -1.846e-07 
-----------------------------------------------------
[1mAverage performance:      [42m       2.2 +- 0.0 GFLOP/s[0m
-----------------------------------------------------
Average delta:	 1.494e-02
-----------------------------------------------------
