
[1mTotal memory size:[0m 393216 B, 384 KiB, 0 MiB

[1m Step    Time, s Interact/s  GFLOP/s  delta x  delta y  delta z[0m
    0  8.147e+00  3.295e+07      0.6  6.007e-02 -2.600e-04  5.939e-02 (warm up)
    1  7.976e+00  3.365e+07      0.6  5.506e-02 -2.384e-04  5.444e-02 (warm up)
    2  7.976e+00  3.366e+07      0.6  5.006e-02 -2.167e-04  4.949e-02 (warm up)
    3  7.976e+00  3.366e+07      0.6  4.505e-02 -1.950e-04  4.454e-02 
    4  8.003e+00  3.354e+07      0.6  4.005e-02 -1.733e-04  3.959e-02 
    5  7.976e+00  3.366e+07      0.6  3.504e-02 -1.517e-04  3.464e-02 
    6  7.973e+00  3.367e+07      0.6  3.003e-02 -1.300e-04  2.970e-02 
    7  8.063e+00  3.329e+07      0.6  2.503e-02 -1.083e-04  2.475e-02 
    8  8.093e+00  3.317e+07      0.6  2.002e-02 -8.662e-05  1.980e-02 
    9  8.833e+00  3.039e+07      0.5  1.502e-02 -6.495e-05  1.485e-02 
   10  8.754e+00  3.067e+07      0.5  1.001e-02 -4.327e-05  9.898e-03 
   11  9.040e+00  2.970e+07      0.5  5.006e-03 -2.160e-05  4.949e-03 
   12  9.154e+00  2.932e+07      0.5 -3.991e-08  7.684e-08 -1.250e-07 
-----------------------------------------------------
[1mAverage performance:      [42m       0.5 +- 0.0 GFLOP/s[0m
-----------------------------------------------------
Average delta:	 1.490e-02
-----------------------------------------------------
