
[1mTotal memory size:[0m 393216 B, 384 KiB, 0 MiB

[1m Step    Time, s Interact/s  GFLOP/s  Delta x  Delta y  Delta z[0m
    0  1.663e-01  1.614e+09     27.4  6.007e-02 -2.600e-04  5.939e-02 (warm up)
    1  1.298e-01  2.067e+09     35.1  5.506e-02 -2.384e-04  5.444e-02 (warm up)
    2  1.290e-01  2.081e+09     35.4  5.006e-02 -2.167e-04  4.949e-02 (warm up)
    3  1.348e-01  1.992e+09     33.9  4.505e-02 -1.950e-04  4.454e-02 
    4  1.208e-01  2.223e+09     37.8  4.005e-02 -1.734e-04  3.959e-02 
    5  1.318e-01  2.036e+09     34.6  3.504e-02 -1.517e-04  3.464e-02 
    6  1.168e-01  2.297e+09     39.1  3.003e-02 -1.301e-04  2.970e-02 
    7  1.288e-01  2.084e+09     35.4  2.503e-02 -1.084e-04  2.475e-02 
    8  1.257e-01  2.135e+09     36.3  2.002e-02 -8.673e-05  1.980e-02 
    9  1.322e-01  2.030e+09     34.5  1.502e-02 -6.507e-05  1.485e-02 
   10  1.155e-01  2.325e+09     39.5  1.001e-02 -4.341e-05  9.899e-03 
   11  1.197e-01  2.243e+09     38.1  5.006e-03 -2.175e-05  4.949e-03 
   12  1.193e-01  2.250e+09     38.2  1.090e-07 -8.557e-08  1.041e-07 
-----------------------------------------------------
[1mAverage performance:      [42m      36.7 +- 2.0 GFLOP/s[0m
-----------------------------------------------------
Average delta:	 1.490e-02
-----------------------------------------------------
