
[1mTotal memory size:[0m 393216 B, 384 KiB, 0 MiB

[1m Step    Time, s Interact/s  GFLOP/s  Delta x  Delta y  Delta z[0m
    0  3.204e+00  8.377e+07      1.4  6.007e-02 -2.600e-04  5.939e-02 (warm up)
    1  3.100e+00  8.659e+07      1.5  5.506e-02 -2.384e-04  5.444e-02 (warm up)
    2  3.100e+00  8.659e+07      1.5  5.006e-02 -2.167e-04  4.949e-02 (warm up)
    3  3.099e+00  8.661e+07      1.5  4.505e-02 -1.950e-04  4.454e-02 
    4  3.099e+00  8.662e+07      1.5  4.005e-02 -1.734e-04  3.959e-02 
    5  3.176e+00  8.452e+07      1.4  3.504e-02 -1.517e-04  3.464e-02 
    6  3.099e+00  8.661e+07      1.5  3.003e-02 -1.301e-04  2.970e-02 
    7  3.098e+00  8.664e+07      1.5  2.503e-02 -1.084e-04  2.475e-02 
    8  3.099e+00  8.661e+07      1.5  2.002e-02 -8.674e-05  1.980e-02 
    9  3.098e+00  8.663e+07      1.5  1.502e-02 -6.508e-05  1.485e-02 
   10  3.099e+00  8.662e+07      1.5  1.001e-02 -4.342e-05  9.899e-03 
   11  3.102e+00  8.653e+07      1.5  5.006e-03 -2.176e-05  4.949e-03 
   12  3.100e+00  8.659e+07      1.5  1.252e-07 -1.016e-07  1.074e-07 
-----------------------------------------------------
[1mAverage performance:      [42m       1.5 +- 0.0 GFLOP/s[0m
-----------------------------------------------------
Average delta:	 1.490e-02
-----------------------------------------------------
