
[1mTotal memory size:[0m 24000 B, 23 KiB, 0 MiB

[1m Step    Time, s Interact/s  GFLOP/s  Delta x  Delta y  Delta z[0m
    0  4.084e-02  2.449e+07      0.4  6.077e-02 -2.161e-04  5.900e-02 (warm up)
    1  2.952e-03  3.387e+08      5.8  5.570e-02 -1.981e-04  5.408e-02 (warm up)
    2  2.859e-03  3.498e+08      6.0  5.064e-02 -1.801e-04  4.917e-02 (warm up)
    3  2.900e-03  3.448e+08      5.9  4.557e-02 -1.621e-04  4.425e-02 
    4  3.207e-03  3.118e+08      5.3  4.051e-02 -1.441e-04  3.933e-02 
    5  2.967e-03  3.370e+08      5.7  3.545e-02 -1.261e-04  3.442e-02 
    6  8.440e-03  1.185e+08      2.0  3.038e-02 -1.081e-04  2.950e-02 
    7  6.889e-03  1.452e+08      2.5  2.532e-02 -9.015e-05  2.458e-02 
    8  2.849e-03  3.510e+08      6.0  2.025e-02 -7.216e-05  1.967e-02 
    9  3.002e-03  3.331e+08      5.7  1.519e-02 -5.417e-05  1.475e-02 
   10  2.973e-03  3.364e+08      5.7  1.013e-02 -3.618e-05  9.833e-03 
   11  2.640e-03  3.788e+08      6.4  5.063e-03 -1.818e-05  4.917e-03 
   12  5.414e-03  1.847e+08      3.1 -6.795e-07 -1.744e-07 -1.082e-07 
-----------------------------------------------------
[1mAverage performance:      [42m       4.8 +- 1.5 GFLOP/s[0m
-----------------------------------------------------
Average delta:	 1.494e-02
-----------------------------------------------------
