
[1mTotal memory size:[0m 24000 B, 23 KiB, 0 MiB

[1m Step    Time, s Interact/s  GFLOP/s  Delta x  Delta y  Delta z[0m
    0  8.061e-03  1.241e+08      2.1 0.0607654 -0.000216065 0.0590011 (warm up)
    1  8.743e-03  1.144e+08      1.9 0.0557016 -0.000198087 0.0540843 (warm up)
    2  6.673e-03  1.499e+08      2.5 0.0506378 -0.000180101 0.0491675 (warm up)
    3  6.298e-03  1.588e+08      2.7 0.0455739 -0.000162119 0.0442508 
    4  5.964e-03  1.677e+08      2.9 0.0405101 -0.000144132 0.039334 
    5  7.454e-03  1.342e+08      2.3 0.0354462 -0.000126145 0.0344172 
    6  5.858e-03  1.707e+08      2.9 0.0303824 -0.000108161 0.0295005 
    7  7.128e-03  1.403e+08      2.4 0.0253185 -9.01735e-05 0.0245837 
    8  6.063e-03  1.649e+08      2.8 0.0202547 -7.21948e-05 0.0196669 
    9  5.776e-03  1.731e+08      2.9 0.0151909 -5.42111e-05 0.0147502 
   10  7.352e-03  1.360e+08      2.3 0.010127 -3.62295e-05 0.0098334 
   11  5.833e-03  1.714e+08      2.9 0.00506318 -1.82303e-05 0.00491663 
   12  6.548e-03  1.527e+08      2.6 -6.52142e-07 -2.35836e-07 -1.35304e-07 
-----------------------------------------------------
[1mAverage performance:      [42m       2.7 +- 0.2 GFLOP/s[0m
-----------------------------------------------------
Average delta:	0.0149436
-----------------------------------------------------
