
[1mTotal memory size:[0m 393216 B, 384 KiB, 0 MiB

[1m Step    Time, s Interact/s  GFLOP/s  Delta x  Delta y  Delta z[0m
    0  2.023e-01  1.327e+09     22.6  6.007e-02 -2.600e-04  5.939e-02 (warm up)
    1  1.532e-01  1.752e+09     29.8  5.506e-02 -2.384e-04  5.444e-02 (warm up)
    2  1.252e-01  2.145e+09     36.5  5.006e-02 -2.167e-04  4.949e-02 (warm up)
    3  1.409e-01  1.905e+09     32.4  4.505e-02 -1.950e-04  4.454e-02 
    4  1.541e-01  1.742e+09     29.6  4.005e-02 -1.734e-04  3.959e-02 
    5  1.798e-01  1.493e+09     25.4  3.504e-02 -1.517e-04  3.464e-02 
    6  2.000e-01  1.342e+09     22.8  3.003e-02 -1.301e-04  2.970e-02 
    7  1.805e-01  1.487e+09     25.3  2.503e-02 -1.084e-04  2.475e-02 
    8  9.612e-02  2.793e+09     47.5  2.002e-02 -8.673e-05  1.980e-02 
    9  1.030e-01  2.607e+09     44.3  1.502e-02 -6.507e-05  1.485e-02 
   10  9.922e-02  2.706e+09     46.0  1.001e-02 -4.341e-05  9.899e-03 
   11  9.604e-02  2.795e+09     47.5  5.006e-03 -2.175e-05  4.949e-03 
   12  9.603e-02  2.795e+09     47.5  1.090e-07 -8.557e-08  1.041e-07 
-----------------------------------------------------
[1mAverage performance:      [42m      36.8 +- 10.1 GFLOP/s[0m
-----------------------------------------------------
Average delta:	 1.490e-02
-----------------------------------------------------
