
[1mTotal memory size:[0m 393216 B, 384 KiB, 0 MiB

[1m Step    Time, s Interact/s  GFLOP/s  Delta x  Delta y  Delta z[0m
    0  2.702e-01  9.934e+08     16.9  6.007e-02 -2.600e-04  5.939e-02 (warm up)
    1  1.604e-01  1.673e+09     28.4  5.506e-02 -2.384e-04  5.444e-02 (warm up)
    2  1.604e-01  1.673e+09     28.4  5.006e-02 -2.167e-04  4.949e-02 (warm up)
    3  1.599e-01  1.679e+09     28.5  4.505e-02 -1.950e-04  4.454e-02 
    4  1.477e-01  1.817e+09     30.9  4.005e-02 -1.734e-04  3.959e-02 
    5  1.378e-01  1.949e+09     33.1  3.504e-02 -1.517e-04  3.464e-02 
    6  1.378e-01  1.948e+09     33.1  3.003e-02 -1.301e-04  2.970e-02 
    7  1.378e-01  1.949e+09     33.1  2.503e-02 -1.084e-04  2.475e-02 
    8  1.379e-01  1.946e+09     33.1  2.002e-02 -8.674e-05  1.980e-02 
    9  1.378e-01  1.948e+09     33.1  1.502e-02 -6.508e-05  1.485e-02 
   10  1.377e-01  1.949e+09     33.1  1.001e-02 -4.342e-05  9.899e-03 
   11  1.378e-01  1.948e+09     33.1  5.006e-03 -2.176e-05  4.949e-03 
   12  1.378e-01  1.949e+09     33.1  1.252e-07 -1.016e-07  1.074e-07 
-----------------------------------------------------
[1mAverage performance:      [42m      32.4 +- 1.5 GFLOP/s[0m
-----------------------------------------------------
Average delta:	 1.490e-02
-----------------------------------------------------
