
[1mTotal memory size:[0m 393216 B, 384 KiB, 0 MiB

[1m Step    Time, s Interact/s  GFLOP/s  Delta x  Delta y  Delta z[0m
    0  1.884e-01  1.425e+09     24.2  6.007e-02 -2.600e-04  5.939e-02 (warm up)
    1  9.589e-02  2.800e+09     47.6  5.506e-02 -2.384e-04  5.444e-02 (warm up)
    2  9.544e-02  2.813e+09     47.8  5.006e-02 -2.167e-04  4.949e-02 (warm up)
    3  9.572e-02  2.804e+09     47.7  4.505e-02 -1.950e-04  4.454e-02 
    4  9.571e-02  2.805e+09     47.7  4.005e-02 -1.734e-04  3.959e-02 
    5  9.567e-02  2.806e+09     47.7  3.504e-02 -1.517e-04  3.464e-02 
    6  8.765e-02  3.063e+09     52.1  3.003e-02 -1.300e-04  2.970e-02 
    7  8.248e-02  3.255e+09     55.3  2.503e-02 -1.084e-04  2.475e-02 
    8  8.238e-02  3.258e+09     55.4  2.002e-02 -8.672e-05  1.980e-02 
    9  8.224e-02  3.264e+09     55.5  1.502e-02 -6.506e-05  1.485e-02 
   10  8.285e-02  3.240e+09     55.1  1.001e-02 -4.340e-05  9.899e-03 
   11  8.240e-02  3.258e+09     55.4  5.006e-03 -2.174e-05  4.949e-03 
   12  8.224e-02  3.264e+09     55.5  1.195e-07 -8.360e-08  1.072e-07 
-----------------------------------------------------
[1mAverage performance:      [42m      52.7 +- 3.4 GFLOP/s[0m
-----------------------------------------------------
Average delta:	 1.490e-02
-----------------------------------------------------
