
[1mTotal memory size:[0m 24000 B, 23 KiB, 0 MiB

[1m Step    Time, s Interact/s  GFLOP/s  Delta x  Delta y  Delta z[0m
    0  2.098e-02  4.767e+07      0.8  6.077e-02 -2.161e-04  5.900e-02 (warm up)
    1  2.045e-02  4.890e+07      0.8  5.570e-02 -1.981e-04  5.408e-02 (warm up)
    2  1.920e-02  5.210e+07      0.9  5.064e-02 -1.801e-04  4.917e-02 (warm up)
    3  1.926e-02  5.191e+07      0.9  4.557e-02 -1.621e-04  4.425e-02 
    4  1.911e-02  5.232e+07      0.9  4.051e-02 -1.441e-04  3.933e-02 
    5  1.934e-02  5.172e+07      0.9  3.545e-02 -1.261e-04  3.442e-02 
    6  1.922e-02  5.202e+07      0.9  3.038e-02 -1.082e-04  2.950e-02 
    7  1.998e-02  5.004e+07      0.9  2.532e-02 -9.017e-05  2.458e-02 
    8  1.988e-02  5.029e+07      0.9  2.025e-02 -7.219e-05  1.967e-02 
    9  1.944e-02  5.145e+07      0.9  1.519e-02 -5.421e-05  1.475e-02 
   10  2.103e-02  4.756e+07      0.8  1.013e-02 -3.623e-05  9.833e-03 
   11  1.931e-02  5.178e+07      0.9  5.063e-03 -1.823e-05  4.917e-03 
   12  2.064e-02  4.844e+07      0.8 -6.521e-07 -2.358e-07 -1.353e-07 
-----------------------------------------------------
[1mAverage performance:      [42m       0.9 +- 0.0 GFLOP/s[0m
-----------------------------------------------------
Average delta:	 1.494e-02
-----------------------------------------------------
