
[1mTotal memory size:[0m 24000 B, 23 KiB, 0 MiB

[1m Step    Time, s Interact/s  GFLOP/s  Delta x  Delta y  Delta z[0m
    0  2.271e-02  4.404e+07      0.7  6.077e-02 -2.161e-04  5.900e-02 (warm up)
    1  2.270e-02  4.406e+07      0.7  5.570e-02 -1.981e-04  5.408e-02 (warm up)
    2  2.305e-02  4.339e+07      0.7  5.064e-02 -1.801e-04  4.917e-02 (warm up)
    3  2.325e-02  4.301e+07      0.7  4.557e-02 -1.621e-04  4.425e-02 
    4  2.321e-02  4.309e+07      0.7  4.051e-02 -1.441e-04  3.933e-02 
    5  2.323e-02  4.305e+07      0.7  3.545e-02 -1.261e-04  3.442e-02 
    6  2.333e-02  4.286e+07      0.7  3.038e-02 -1.082e-04  2.950e-02 
    7  2.328e-02  4.295e+07      0.7  2.532e-02 -9.017e-05  2.458e-02 
    8  1.464e-02  6.832e+07      1.2  2.025e-02 -7.218e-05  1.967e-02 
    9  1.119e-02  8.937e+07      1.5  1.519e-02 -5.420e-05  1.475e-02 
   10  1.115e-02  8.972e+07      1.5  1.013e-02 -3.620e-05  9.833e-03 
   11  1.118e-02  8.946e+07      1.5  5.063e-03 -1.821e-05  4.917e-03 
   12  1.114e-02  8.981e+07      1.5 -7.139e-07 -2.162e-07 -1.446e-07 
-----------------------------------------------------
[1mAverage performance:      [42m       1.1 +- 0.4 GFLOP/s[0m
-----------------------------------------------------
Average delta:	 1.494e-02
-----------------------------------------------------
