
[1mTotal memory size:[0m 393216 B, 384 KiB, 0 MiB

[1m Step    Time, s Interact/s  GFLOP/s  Delta x  Delta y  Delta z[0m
    0  2.323e-01  1.156e+09     19.6  6.007e-02 -2.600e-04  5.939e-02 (warm up)
    1  2.247e-01  1.194e+09     20.3  5.506e-02 -2.384e-04  5.444e-02 (warm up)
    2  2.198e-01  1.221e+09     20.8  5.006e-02 -2.167e-04  4.949e-02 (warm up)
    3  2.199e-01  1.221e+09     20.8  4.505e-02 -1.950e-04  4.454e-02 
    4  2.504e-01  1.072e+09     18.2  4.005e-02 -1.734e-04  3.959e-02 
    5  2.833e-01  9.477e+08     16.1  3.504e-02 -1.517e-04  3.464e-02 
    6  2.659e-01  1.010e+09     17.2  3.003e-02 -1.301e-04  2.970e-02 
    7  2.449e-01  1.096e+09     18.6  2.503e-02 -1.084e-04  2.475e-02 
    8  2.384e-01  1.126e+09     19.1  2.002e-02 -8.674e-05  1.980e-02 
    9  2.387e-01  1.125e+09     19.1  1.502e-02 -6.508e-05  1.485e-02 
   10  2.487e-01  1.079e+09     18.4  1.001e-02 -4.342e-05  9.899e-03 
   11  2.613e-01  1.027e+09     17.5  5.006e-03 -2.176e-05  4.949e-03 
   12  2.568e-01  1.045e+09     17.8  1.252e-07 -1.016e-07  1.074e-07 
-----------------------------------------------------
[1mAverage performance:      [42m      18.3 +- 1.2 GFLOP/s[0m
-----------------------------------------------------
Average delta:	 1.490e-02
-----------------------------------------------------
