
[1mTotal memory size:[0m 24000 B, 23 KiB, 0 MiB

[1m Step    Time, s Interact/s  GFLOP/s  Delta x  Delta y  Delta z[0m
    0  4.607e-03  2.171e+08      3.7  6.077e-02 -2.161e-04  5.900e-02 (warm up)
    1  3.470e-03  2.882e+08      4.9  5.570e-02 -1.981e-04  5.408e-02 (warm up)
    2  3.490e-03  2.865e+08      4.9  5.064e-02 -1.801e-04  4.917e-02 (warm up)
    3  3.483e-03  2.871e+08      4.9  4.557e-02 -1.621e-04  4.425e-02 
    4  3.476e-03  2.877e+08      4.9  4.051e-02 -1.441e-04  3.933e-02 
    5  3.476e-03  2.877e+08      4.9  3.545e-02 -1.261e-04  3.442e-02 
    6  3.484e-03  2.870e+08      4.9  3.038e-02 -1.082e-04  2.950e-02 
    7  3.509e-03  2.850e+08      4.8  2.532e-02 -9.017e-05  2.458e-02 
    8  3.476e-03  2.877e+08      4.9  2.025e-02 -7.219e-05  1.967e-02 
    9  3.485e-03  2.869e+08      4.9  1.519e-02 -5.421e-05  1.475e-02 
   10  3.477e-03  2.876e+08      4.9  1.013e-02 -3.623e-05  9.833e-03 
   11  3.472e-03  2.880e+08      4.9  5.063e-03 -1.823e-05  4.917e-03 
   12  3.471e-03  2.881e+08      4.9 -6.521e-07 -2.358e-07 -1.353e-07 
-----------------------------------------------------
[1mAverage performance:      [42m       4.9 +- 0.0 GFLOP/s[0m
-----------------------------------------------------
Average delta:	 1.494e-02
-----------------------------------------------------
