
[1mTotal memory size:[0m 393216 B, 384 KiB, 0 MiB

[1m Step    Time, s Interact/s  GFLOP/s  Delta x  Delta y  Delta z[0m
    0  3.626e-01  7.403e+08     12.6  6.007e-02 -2.600e-04  5.939e-02 (warm up)
    1  3.524e-01  7.618e+08     13.0  5.506e-02 -2.384e-04  5.444e-02 (warm up)
    2  3.439e-01  7.805e+08     13.3  5.006e-02 -2.167e-04  4.949e-02 (warm up)
    3  3.071e-01  8.742e+08     14.9  4.505e-02 -1.950e-04  4.454e-02 
    4  3.065e-01  8.758e+08     14.9  4.005e-02 -1.734e-04  3.959e-02 
    5  2.961e-01  9.066e+08     15.4  3.504e-02 -1.517e-04  3.464e-02 
    6  2.929e-01  9.165e+08     15.6  3.003e-02 -1.301e-04  2.970e-02 
    7  3.272e-01  8.204e+08     13.9  2.503e-02 -1.084e-04  2.475e-02 
    8  3.243e-01  8.276e+08     14.1  2.002e-02 -8.675e-05  1.980e-02 
    9  3.185e-01  8.429e+08     14.3  1.502e-02 -6.509e-05  1.485e-02 
   10  3.200e-01  8.389e+08     14.3  1.001e-02 -4.342e-05  9.899e-03 
   11  3.153e-01  8.514e+08     14.5  5.006e-03 -2.176e-05  4.949e-03 
   12  3.090e-01  8.687e+08     14.8  1.228e-07 -1.004e-07  9.719e-08 
-----------------------------------------------------
[1mAverage performance:      [42m      14.7 +- 0.5 GFLOP/s[0m
-----------------------------------------------------
Average delta:	 1.490e-02
-----------------------------------------------------
