
[1mTotal memory size:[0m 393216 B, 384 KiB, 0 MiB

[1m Step    Time, s Interact/s  GFLOP/s  Delta x  Delta y  Delta z[0m
    0  2.797e-01  9.598e+08     16.3  6.007e-02 -2.600e-04  5.939e-02 (warm up)
    1  2.583e-01  1.039e+09     17.7  5.506e-02 -2.384e-04  5.444e-02 (warm up)
    2  2.395e-01  1.121e+09     19.1  5.006e-02 -2.167e-04  4.949e-02 (warm up)
    3  2.312e-01  1.161e+09     19.7  4.505e-02 -1.950e-04  4.454e-02 
    4  2.316e-01  1.159e+09     19.7  4.005e-02 -1.734e-04  3.959e-02 
    5  2.583e-01  1.039e+09     17.7  3.504e-02 -1.517e-04  3.464e-02 
    6  2.771e-01  9.688e+08     16.5  3.003e-02 -1.301e-04  2.970e-02 
    7  2.597e-01  1.033e+09     17.6  2.503e-02 -1.084e-04  2.475e-02 
    8  2.426e-01  1.106e+09     18.8  2.002e-02 -8.674e-05  1.980e-02 
    9  2.389e-01  1.124e+09     19.1  1.502e-02 -6.508e-05  1.485e-02 
   10  2.428e-01  1.106e+09     18.8  1.001e-02 -4.342e-05  9.899e-03 
   11  2.485e-01  1.080e+09     18.4  5.006e-03 -2.176e-05  4.949e-03 
   12  2.591e-01  1.036e+09     17.6  1.252e-07 -1.016e-07  1.074e-07 
-----------------------------------------------------
[1mAverage performance:      [42m      18.4 +- 1.0 GFLOP/s[0m
-----------------------------------------------------
Average delta:	 1.490e-02
-----------------------------------------------------
