
[1mTotal memory size:[0m 393216 B, 384 KiB, 0 MiB

[1m Step    Time, s Interact/s  GFLOP/s  Delta x  Delta y  Delta z[0m
    0  2.538e-01  1.058e+09     18.0  6.007e-02 -2.600e-04  5.939e-02 (warm up)
    1  2.286e-01  1.174e+09     20.0  5.506e-02 -2.384e-04  5.444e-02 (warm up)
    2  2.178e-01  1.232e+09     21.0  5.006e-02 -2.167e-04  4.949e-02 (warm up)
    3  2.173e-01  1.235e+09     21.0  4.505e-02 -1.950e-04  4.454e-02 
    4  2.161e-01  1.242e+09     21.1  4.005e-02 -1.734e-04  3.959e-02 
    5  2.099e-01  1.279e+09     21.7  3.504e-02 -1.517e-04  3.464e-02 
    6  1.965e-01  1.366e+09     23.2  3.003e-02 -1.301e-04  2.970e-02 
    7  1.901e-01  1.412e+09     24.0  2.503e-02 -1.084e-04  2.475e-02 
    8  1.769e-01  1.517e+09     25.8  2.002e-02 -8.674e-05  1.980e-02 
    9  1.701e-01  1.578e+09     26.8  1.502e-02 -6.508e-05  1.485e-02 
   10  1.597e-01  1.681e+09     28.6  1.001e-02 -4.342e-05  9.899e-03 
   11  1.598e-01  1.680e+09     28.6  5.006e-03 -2.176e-05  4.949e-03 
   12  1.601e-01  1.677e+09     28.5  1.252e-07 -1.016e-07  1.074e-07 
-----------------------------------------------------
[1mAverage performance:      [42m      24.9 +- 3.0 GFLOP/s[0m
-----------------------------------------------------
Average delta:	 1.490e-02
-----------------------------------------------------
