
[1mTotal memory size:[0m 393216 B, 384 KiB, 0 MiB

[1m Step    Time, s Interact/s  GFLOP/s  Delta x  Delta y  Delta z[0m
    0  2.519e-01  1.066e+09     18.1  6.007e-02 -2.600e-04  5.939e-02 (warm up)
    1  2.261e-01  1.187e+09     20.2  5.506e-02 -2.384e-04  5.444e-02 (warm up)
    2  2.172e-01  1.236e+09     21.0  5.006e-02 -2.167e-04  4.949e-02 (warm up)
    3  2.165e-01  1.240e+09     21.1  4.505e-02 -1.950e-04  4.454e-02 
    4  2.096e-01  1.281e+09     21.8  4.005e-02 -1.734e-04  3.959e-02 
    5  1.995e-01  1.345e+09     22.9  3.504e-02 -1.517e-04  3.464e-02 
    6  1.886e-01  1.423e+09     24.2  3.003e-02 -1.301e-04  2.970e-02 
    7  1.966e-01  1.366e+09     23.2  2.503e-02 -1.084e-04  2.475e-02 
    8  1.770e-01  1.516e+09     25.8  2.002e-02 -8.674e-05  1.980e-02 
    9  1.758e-01  1.527e+09     26.0  1.502e-02 -6.508e-05  1.485e-02 
   10  1.613e-01  1.664e+09     28.3  1.001e-02 -4.342e-05  9.899e-03 
   11  1.621e-01  1.656e+09     28.2  5.006e-03 -2.176e-05  4.949e-03 
   12  1.591e-01  1.687e+09     28.7  1.252e-07 -1.016e-07  1.074e-07 
-----------------------------------------------------
[1mAverage performance:      [42m      25.0 +- 2.6 GFLOP/s[0m
-----------------------------------------------------
Average delta:	 1.490e-02
-----------------------------------------------------
