
[1mTotal memory size:[0m 393216 B, 384 KiB, 0 MiB

[1m Step    Time, s Interact/s  GFLOP/s  Delta x  Delta y  Delta z[0m
    0  3.641e-01  7.373e+08     12.5  6.007e-02 -2.600e-04  5.939e-02 (warm up)
    1  3.505e-01  7.659e+08     13.0  5.506e-02 -2.384e-04  5.444e-02 (warm up)
    2  3.448e-01  7.785e+08     13.2  5.006e-02 -2.167e-04  4.949e-02 (warm up)
    3  3.337e-01  8.045e+08     13.7  4.505e-02 -1.950e-04  4.454e-02 
    4  3.698e-01  7.259e+08     12.3  4.005e-02 -1.734e-04  3.959e-02 
    5  3.502e-01  7.665e+08     13.0  3.504e-02 -1.517e-04  3.464e-02 
    6  3.438e-01  7.809e+08     13.3  3.003e-02 -1.301e-04  2.970e-02 
    7  3.403e-01  7.889e+08     13.4  2.503e-02 -1.084e-04  2.475e-02 
    8  3.355e-01  8.001e+08     13.6  2.002e-02 -8.675e-05  1.980e-02 
    9  3.314e-01  8.099e+08     13.8  1.502e-02 -6.509e-05  1.485e-02 
   10  3.240e-01  8.285e+08     14.1  1.001e-02 -4.342e-05  9.899e-03 
   11  3.216e-01  8.346e+08     14.2  5.006e-03 -2.176e-05  4.949e-03 
   12  3.189e-01  8.417e+08     14.3  1.228e-07 -1.004e-07  9.719e-08 
-----------------------------------------------------
[1mAverage performance:      [42m      13.6 +- 0.6 GFLOP/s[0m
-----------------------------------------------------
Average delta:	 1.490e-02
-----------------------------------------------------
