
[1mTotal memory size:[0m 393216 B, 384 KiB, 0 MiB

[1m Step    Time, s Interact/s  GFLOP/s  Delta x  Delta y  Delta z[0m
    0  3.697e-01  7.261e+08     12.3  6.007e-02 -2.600e-04  5.939e-02 (warm up)
    1  3.518e-01  7.631e+08     13.0  5.506e-02 -2.384e-04  5.444e-02 (warm up)
    2  3.578e-01  7.503e+08     12.8  5.006e-02 -2.167e-04  4.949e-02 (warm up)
    3  3.470e-01  7.737e+08     13.2  4.505e-02 -1.950e-04  4.454e-02 
    4  3.431e-01  7.823e+08     13.3  4.005e-02 -1.734e-04  3.959e-02 
    5  3.367e-01  7.972e+08     13.6  3.504e-02 -1.517e-04  3.464e-02 
    6  3.327e-01  8.068e+08     13.7  3.003e-02 -1.301e-04  2.970e-02 
    7  3.256e-01  8.244e+08     14.0  2.503e-02 -1.084e-04  2.475e-02 
    8  3.195e-01  8.401e+08     14.3  2.002e-02 -8.675e-05  1.980e-02 
    9  3.126e-01  8.587e+08     14.6  1.502e-02 -6.509e-05  1.485e-02 
   10  3.088e-01  8.692e+08     14.8  1.001e-02 -4.342e-05  9.899e-03 
   11  3.105e-01  8.646e+08     14.7  5.006e-03 -2.176e-05  4.949e-03 
   12  3.051e-01  8.799e+08     15.0  1.228e-07 -1.004e-07  9.719e-08 
-----------------------------------------------------
[1mAverage performance:      [42m      14.1 +- 0.6 GFLOP/s[0m
-----------------------------------------------------
Average delta:	 1.490e-02
-----------------------------------------------------
